Time,TT
2015-07-03T21:51:58,173.0
2015-07-06T22:04:02,61.0
2015-07-07T10:47:45,129.0
2015-07-09T21:53:50,121.0
2015-07-10T22:00:42,138.0
2015-07-13T22:02:50,85.0
2015-07-14T10:45:04,142.0
2015-07-14T21:53:50,132.0
2015-07-15T10:43:56,75.0
2015-07-16T21:54:49,122.0
2015-07-17T10:47:53,139.0
2015-07-17T21:56:50,140.0
2015-07-20T21:55:00,101.0
2015-07-22T21:54:11,75.0
2015-07-23T10:42:59,146.0
2015-07-24T21:53:54,129.0
2015-07-27T10:47:57,290.0
2015-07-30T10:48:04,90.0
2015-07-30T21:58:42,119.0
2015-07-31T10:49:50,134.0
2015-07-01T19:51:53,149.0
2015-07-01T21:23:58,178.0
2015-07-01T22:53:53,70.0
2015-07-02T19:55:04,144.0
2015-07-03T18:56:52,107.0
2015-07-03T01:15:28,141.0
2015-07-05T22:41:55,154.0
2015-07-05T01:39:27,155.0
2015-07-06T20:08:46,172.0
2015-07-06T22:48:57,71.0
2015-07-06T01:23:56,122.0
2015-07-07T22:52:48,90.0
2015-07-07T01:34:43,97.0
2015-07-08T19:53:55,76.0
2015-07-08T01:34:47,80.0
2015-07-09T18:57:44,121.0
2015-07-09T22:52:51,119.0
2015-07-10T01:14:50,136.0
2015-07-11T01:15:46,137.0
2015-07-11T01:34:40,60.0
2015-07-12T19:28:54,89.0
2015-07-13T18:49:56,87.0
2015-07-13T19:55:50,156.0
2015-07-13T21:20:58,108.0
2015-07-13T01:26:55,175.0
2015-07-13T01:41:44,113.0
2015-07-14T21:21:43,60.0
2015-07-14T22:51:54,131.0
2015-07-15T18:58:11,46.0
2015-07-15T01:14:51,65.0
2015-07-16T18:55:49,30.0
2015-07-17T20:06:53,156.0
2015-07-17T21:21:53,141.0
2015-07-18T01:15:55,120.0
2015-07-19T22:45:43,60.0
2015-07-19T01:36:23,155.0
2015-07-19T01:38:46,123.0
2015-07-20T01:43:06,83.0
2015-07-21T19:59:05,196.0
2015-07-21T21:20:54,107.0
2015-07-21T22:44:58,89.0
2015-07-21T01:47:50,62.0
2015-07-22T19:54:50,126.0
2015-07-22T21:21:53,117.0
2015-07-23T19:08:48,19.0
2015-07-23T23:01:02,134.0
2015-07-24T18:53:38,48.0
2015-07-24T22:58:51,74.0
2015-07-24T01:33:26,68.0
2015-07-25T19:38:52,149.0
2015-07-26T01:18:50,92.0
2015-07-26T01:39:50,140.0
2015-07-27T18:51:48,136.0
2015-07-27T20:02:41,109.0
2015-07-27T22:48:19,113.0
2015-07-27T01:40:33,51.0
2015-07-28T21:21:49,116.0
2015-07-28T01:13:43,139.0
2015-07-28T01:34:49,107.0
2015-07-29T18:59:06,105.0
2015-07-29T19:53:54,126.0
2015-07-29T22:45:49,95.0
2015-07-29T01:14:52,120.0
2015-07-30T18:56:55,132.0
2015-07-31T01:34:40,96.0
2015-07-01T11:05:45,175.0
2015-07-01T11:17:47,84.0
2015-07-01T12:12:54,120.0
2015-07-01T12:33:46,122.0
2015-07-01T13:19:59,184.0
2015-07-01T13:27:44,61.0
2015-07-01T14:14:54,136.0
2015-07-01T14:33:03,80.0
2015-07-01T14:43:54,90.0
2015-07-01T15:14:39,123.0
2015-07-01T15:42:47,135.0
2015-07-01T16:25:41,152.0
2015-07-01T16:35:25,160.0
2015-07-01T16:49:52,120.0
2015-07-01T16:59:33,74.0
2015-07-01T17:24:35,72.0
2015-07-01T17:57:46,131.0
2015-07-01T18:49:51,105.0
2015-07-01T18:49:42,85.0
2015-07-01T19:11:04,159.0
2015-07-01T19:10:57,85.0
2015-07-01T19:39:44,82.0
2015-07-01T19:36:44,49.0
2015-07-01T20:53:43,162.0
2015-07-01T21:22:58,154.0
2015-07-01T21:40:50,91.0
2015-07-01T22:36:28,60.0
2015-07-01T22:52:44,77.0
2015-07-01T23:21:43,65.0
2015-07-01T23:51:43,71.0
2015-07-01T00:18:41,74.0
2015-07-01T01:50:39,60.0
2015-07-01T03:20:43,69.0
2015-07-01T04:49:38,79.0
2015-07-01T06:42:52,98.0
2015-07-01T07:45:16,111.0
2015-07-01T08:04:58,151.0
2015-07-01T08:54:26,102.0
2015-07-01T09:04:49,86274.0
2015-07-01T09:56:48,123.0
2015-07-01T10:17:01,119.0
2015-07-02T11:01:50,79.0
2015-07-02T11:41:52,153.0
2015-07-02T11:44:47,153.0
2015-07-02T12:05:57,89.0
2015-07-02T12:23:23,156.0
2015-07-02T12:24:51,127.0
2015-07-02T13:20:53,112.0
2015-07-02T13:48:00,141.0
2015-07-02T13:58:08,99.0
2015-07-02T14:31:57,134.0
2015-07-02T14:29:56,174.0
2015-07-02T14:42:46,148.0
2015-07-02T15:23:51,164.0
2015-07-02T15:41:46,129.0
2015-07-02T15:56:49,119.0
2015-07-02T16:02:44,46.0
2015-07-02T16:10:43,127.0
2015-07-02T16:36:29,198.0
2015-07-02T16:47:28,123.0
2015-07-02T17:03:35,126.0
2015-07-02T17:43:36,124.0
2015-07-02T17:52:47,152.0
2015-07-02T18:16:30,125.0
2015-07-02T18:24:34,184.0
2015-07-02T18:27:49,130.0
2015-07-02T18:46:44,135.0
2015-07-02T19:03:51,131.0
2015-07-02T19:12:47,123.0
2015-07-02T19:53:52,140.0
2015-07-02T20:06:46,74.0
2015-07-02T20:24:42,110.0
2015-07-02T20:31:04,156.0
2015-07-02T20:52:49,106.0
2015-07-02T21:52:51,128.0
2015-07-02T22:05:50,132.0
2015-07-02T22:23:49,127.0
2015-07-02T22:52:53,137.0
2015-07-02T23:36:53,87.0
2015-07-02T23:52:49,75.0
2015-07-02T00:18:41,93.0
2015-07-02T00:40:44,100.0
2015-07-02T01:18:43,116.0
2015-07-02T01:50:41,63.0
2015-07-02T02:21:44,75.0
2015-07-02T02:49:43,113.0
2015-07-02T03:20:43,78.0
2015-07-02T03:49:58,109.0
2015-07-02T04:21:39,85.0
2015-07-02T04:51:44,72.0
2015-07-02T05:20:59,46.0
2015-07-02T05:45:48,79.0
2015-07-02T07:19:06,111.0
2015-07-02T07:32:57,85.0
2015-07-02T07:44:54,151.0
2015-07-02T08:35:58,901.0
2015-07-02T07:58:02,91.0
2015-07-02T09:01:54,138.0
2015-07-02T09:29:52,63.0
2015-07-02T09:32:54,89.0
2015-07-02T09:57:46,126.0
2015-07-02T10:02:48,72.0
2015-07-02T10:12:51,115.0
2015-07-03T10:43:52,133.0
2015-07-03T11:11:49,42.0
2015-07-03T11:13:49,117.0
2015-07-03T11:29:51,131.0
2015-07-03T11:53:52,127.0
2015-07-03T12:19:58,156.0
2015-07-03T12:45:50,130.0
2015-07-03T12:56:59,92.0
2015-07-03T13:10:56,128.0
2015-07-03T13:28:54,119.0
2015-07-03T13:36:16,153.0
2015-07-03T14:06:00,127.0
2015-07-03T14:24:00,72.0
2015-07-03T15:03:49,119.0
2015-07-03T15:07:50,153.0
2015-07-03T15:31:06,138.0
2015-07-03T15:39:42,122.0
2015-07-03T15:51:43,57.0
2015-07-03T15:56:57,80.0
2015-07-03T16:22:36,104.0
2015-07-03T16:33:34,109.0
2015-07-03T16:45:13,161.0
2015-07-03T17:18:32,144.0
2015-07-03T17:21:37,136.0
2015-07-03T17:54:45,83.0
2015-07-03T18:05:28,140.0
2015-07-03T18:10:34,129.0
2015-07-03T18:35:05,172.0
2015-07-03T18:44:40,71.0
2015-07-03T18:55:55,71.0
2015-07-03T19:32:56,96.0
2015-07-03T19:35:53,130.0
2015-07-03T19:57:49,123.0
2015-07-03T20:09:55,88.0
2015-07-03T20:18:17,92.0
2015-07-03T20:43:50,137.0
2015-07-03T21:38:59,111.0
2015-07-03T22:10:56,121.0
2015-07-03T23:24:48,75.0
2015-07-03T23:53:54,72.0
2015-07-03T00:04:55,101.0
2015-07-03T00:41:59,120.0
2015-07-03T01:17:42,76.0
2015-07-03T02:22:46,98.0
2015-07-03T02:49:52,97.0
2015-07-03T03:49:45,76.0
2015-07-03T04:20:51,125.0
2015-07-03T05:22:53,124.0
2015-07-03T05:46:52,82.0
2015-07-03T06:28:49,141.0
2015-07-03T06:57:49,9.0
2015-07-03T07:09:07,99.0
2015-07-03T07:50:57,111.0
2015-07-03T08:21:03,184.0
2015-07-03T08:32:59,143.0
2015-07-03T08:57:58,106.0
2015-07-03T09:07:45,127.0
2015-07-03T09:15:51,122.0
2015-07-03T09:43:05,80.0
2015-07-03T10:02:50,119.0
2015-07-03T10:38:53,140.0
2015-07-04T11:28:00,124.0
2015-07-04T12:13:46,79.0
2015-07-04T13:28:45,116.0
2015-07-04T14:21:59,87.0
2015-07-04T15:31:45,107.0
2015-07-04T16:35:42,116.0
2015-07-04T17:42:54,68.0
2015-07-04T18:44:51,110.0
2015-07-04T20:32:51,99.0
2015-07-04T22:26:43,79.0
2015-07-05T10:37:46,127.0
2015-07-05T12:20:53,93.0
2015-07-05T12:40:52,119.0
2015-07-05T13:26:42,137.0
2015-07-05T14:33:59,85.0
2015-07-05T14:59:45,116.0
2015-07-05T15:33:51,120.0
2015-07-05T16:44:55,75.0
2015-07-05T17:09:54,86.0
2015-07-05T17:31:41,72.0
2015-07-05T18:53:52,121.0
2015-07-05T19:17:57,85.0
2015-07-05T19:37:45,128.0
2015-07-05T20:45:52,158.0
2015-07-05T21:01:57,97.0
2015-07-05T00:04:55,103.0
2015-07-05T07:13:56,95.0
2015-07-05T07:30:39,105.0
2015-07-05T08:38:56,98.0
2015-07-05T09:13:52,126.0
2015-07-05T10:13:44,70.0
2015-07-06T11:04:59,162.0
2015-07-06T11:15:45,76.0
2015-07-06T11:26:56,79.0
2015-07-06T11:35:41,123.0
2015-07-06T11:54:56,127.0
2015-07-06T12:06:50,120.0
2015-07-06T12:49:45,130.0
2015-07-06T13:18:46,90.0
2015-07-06T13:24:43,113.0
2015-07-06T13:40:49,118.0
2015-07-06T13:50:55,73.0
2015-07-06T14:04:54,131.0
2015-07-06T14:14:57,78.0
2015-07-06T14:36:54,127.0
2015-07-06T15:04:50,164.0
2015-07-06T15:36:09,135.0
2015-07-06T15:37:52,103.0
2015-07-06T15:49:52,107.0
2015-07-06T16:01:47,109.0
2015-07-06T16:04:46,126.0
2015-07-06T16:17:36,121.0
2015-07-06T16:24:30,149.0
2015-07-06T16:33:33,124.0
2015-07-06T16:50:37,125.0
2015-07-06T17:19:27,64.0
2015-07-06T17:55:36,75.0
2015-07-06T17:58:41,123.0
2015-07-06T18:07:42,97.0
2015-07-06T18:11:44,124.0
2015-07-06T18:17:33,122.0
2015-07-06T18:34:48,129.0
2015-07-06T18:45:49,75.0
2015-07-06T18:47:57,109.0
2015-07-06T19:05:59,93.0
2015-07-06T19:30:03,77.0
2015-07-06T20:00:46,167.0
2015-07-06T20:09:51,127.0
2015-07-06T20:20:48,68.0
2015-07-06T20:40:48,128.0
2015-07-06T20:52:44,116.0
2015-07-06T21:09:00,131.0
2015-07-06T22:06:44,124.0
2015-07-06T06:56:00,102.0
2015-07-06T07:12:52,89.0
2015-07-06T07:19:50,103.0
2015-07-06T07:47:10,60.0
2015-07-06T08:21:51,98.0
2015-07-06T08:57:59,142.0
2015-07-06T09:08:05,86.0
2015-07-06T09:17:50,123.0
2015-07-06T09:27:44,145.0
2015-07-06T09:51:57,74.0
2015-07-06T09:55:58,131.0
2015-07-06T10:33:38,122.0
2015-07-07T11:32:48,119.0
2015-07-07T11:55:53,77.0
2015-07-07T12:08:13,151.0
2015-07-07T12:24:47,135.0
2015-07-07T12:27:02,85.0
2015-07-07T14:02:50,126.0
2015-07-07T14:15:44,88.0
2015-07-07T14:17:05,105.0
2015-07-07T14:25:53,75.0
2015-07-07T14:35:48,122.0
2015-07-07T14:44:51,149.0
2015-07-07T15:29:54,89.0
2015-07-07T16:12:37,121.0
2015-07-07T16:27:13,100.0
2015-07-07T16:34:37,167.0
2015-07-07T16:46:32,74.0
2015-07-07T17:02:33,171.0
2015-07-07T17:07:36,134.0
2015-07-07T17:37:43,88.0
2015-07-07T18:26:36,91.0
2015-07-07T18:35:52,92.0
2015-07-07T18:47:50,128.0
2015-07-07T18:55:50,78.0
2015-07-07T19:03:44,80.0
2015-07-07T19:10:48,135.0
2015-07-07T19:50:58,151.0
2015-07-07T20:42:49,97.0
2015-07-07T20:52:54,152.0
2015-07-07T21:52:53,125.0
2015-07-07T22:52:41,120.0
2015-07-07T23:36:53,155.0
2015-07-07T07:19:51,89.0
2015-07-07T07:48:51,98.0
2015-07-07T07:51:54,94.0
2015-07-07T08:04:02,90.0
2015-07-07T08:41:58,158.0
2015-07-07T09:24:47,124.0
2015-07-07T09:43:44,127.0
2015-07-07T10:01:55,138.0
2015-07-07T10:03:03,80.0
2015-07-07T10:12:51,117.0
2015-07-08T10:56:43,134.0
2015-07-08T11:38:04,134.0
2015-07-08T11:58:19,105.0
2015-07-08T12:14:50,126.0
2015-07-08T12:24:50,131.0
2015-07-08T13:09:50,107.0
2015-07-08T13:47:46,152.0
2015-07-08T14:06:45,190.0
2015-07-08T14:28:54,137.0
2015-07-08T14:37:52,74.0
2015-07-08T14:41:53,131.0
2015-07-08T15:09:50,67.0
2015-07-08T16:01:52,184.0
2015-07-08T16:18:30,124.0
2015-07-08T16:25:33,132.0
2015-07-08T16:48:32,129.0
2015-07-08T17:05:41,135.0
2015-07-08T17:29:44,143.0
2015-07-08T18:17:37,72.0
2015-07-08T18:33:49,113.0
2015-07-08T18:44:34,60.0
2015-07-08T18:59:39,120.0
2015-07-08T19:09:52,75.0
2015-07-08T19:40:49,142.0
2015-07-08T20:41:58,91.0
2015-07-08T23:54:48,120.0
2015-07-08T00:38:47,129.0
2015-07-08T02:22:59,129.0
2015-07-08T03:50:47,164.0
2015-07-08T05:20:51,121.0
2015-07-08T06:43:54,126.0
2015-07-08T07:19:52,96.0
2015-07-08T07:52:44,85.0
2015-07-08T08:01:07,97.0
2015-07-08T08:49:20,133.0
2015-07-08T09:31:01,145.0
2015-07-08T09:43:52,94.0
2015-07-08T10:01:57,81.0
2015-07-08T10:24:50,139.0
2015-07-09T11:03:01,142.0
2015-07-09T11:06:42,131.0
2015-07-09T11:28:50,129.0
2015-07-09T11:48:11,110.0
2015-07-09T11:56:51,78.0
2015-07-09T12:34:57,130.0
2015-07-09T12:45:50,76.0
2015-07-09T13:12:51,67.0
2015-07-09T13:25:49,174.0
2015-07-09T13:35:41,114.0
2015-07-09T13:55:00,135.0
2015-07-09T14:04:04,81.0
2015-07-09T14:50:56,122.0
2015-07-09T14:58:46,166.0
2015-07-09T15:24:20,115.0
2015-07-09T15:31:03,128.0
2015-07-09T15:40:47,79.0
2015-07-09T15:48:18,90.0
2015-07-09T16:08:56,93.0
2015-07-09T16:10:40,80.0
2015-07-09T16:21:37,90.0
2015-07-09T17:11:31,126.0
2015-07-09T17:14:27,130.0
2015-07-09T17:41:32,134.0
2015-07-09T17:48:36,120.0
2015-07-09T17:54:27,132.0
2015-07-09T18:02:30,122.0
2015-07-09T18:22:46,92.0
2015-07-09T18:34:46,131.0
2015-07-09T18:35:49,128.0
2015-07-09T19:29:52,160.0
2015-07-09T19:30:58,119.0
2015-07-09T19:53:50,156.0
2015-07-09T20:00:55,80.0
2015-07-09T20:11:52,124.0
2015-07-09T20:36:50,149.0
2015-07-09T20:45:53,149.0
2015-07-09T21:32:47,136.0
2015-07-09T21:52:48,85.0
2015-07-09T22:28:42,154.0
2015-07-09T22:36:50,75.0
2015-07-09T22:54:50,73.0
2015-07-09T23:09:48,148.0
2015-07-09T23:35:50,108.0
2015-07-09T23:55:48,131.0
2015-07-09T01:21:45,101.0
2015-07-09T02:50:52,225.0
2015-07-09T04:22:47,123.0
2015-07-09T05:49:43,125.0
2015-07-09T06:07:48,124.0
2015-07-09T06:55:04,86.0
2015-07-09T07:09:52,92.0
2015-07-09T07:20:53,103.0
2015-07-09T07:32:07,94.0
2015-07-09T08:12:05,61.0
2015-07-09T08:22:50,84.0
2015-07-09T09:01:54,84.0
2015-07-09T09:06:56,127.0
2015-07-09T09:22:18,89.0
2015-07-09T09:28:46,122.0
2015-07-09T09:33:46,126.0
2015-07-09T09:40:43,60.0
2015-07-09T10:24:46,75.0
2015-07-09T10:32:46,111.0
2015-07-10T10:43:04,163.0
2015-07-10T11:05:50,131.0
2015-07-10T11:25:50,123.0
2015-07-10T11:40:58,138.0
2015-07-10T12:13:39,119.0
2015-07-10T12:27:01,132.0
2015-07-10T12:54:56,76.0
2015-07-10T13:13:04,158.0
2015-07-10T13:39:51,80.0
2015-07-10T13:46:51,144.0
2015-07-10T14:25:53,162.0
2015-07-10T14:41:48,135.0
2015-07-10T15:13:12,134.0
2015-07-10T15:31:01,77.0
2015-07-10T15:48:51,123.0
2015-07-10T15:55:55,127.0
2015-07-10T16:09:49,141.0
2015-07-10T16:31:33,114.0
2015-07-10T16:50:33,91.0
2015-07-10T17:12:34,186.0
2015-07-10T17:27:48,130.0
2015-07-10T17:50:38,169.0
2015-07-10T18:02:29,68.0
2015-07-10T18:19:36,124.0
2015-07-10T18:21:39,118.0
2015-07-10T18:48:55,119.0
2015-07-10T19:03:55,185.0
2015-07-10T19:14:47,151.0
2015-07-10T19:39:07,136.0
2015-07-10T20:01:56,84.0
2015-07-10T20:13:45,73.0
2015-07-10T20:26:55,131.0
2015-07-10T21:48:25,20.0
2015-07-10T22:14:47,130.0
2015-07-10T22:40:43,116.0
2015-07-10T22:57:48,137.0
2015-07-10T23:28:57,85.0
2015-07-10T00:04:47,120.0
2015-07-10T00:19:39,119.0
2015-07-10T00:39:43,79.0
2015-07-10T01:19:39,60.0
2015-07-10T01:50:48,70.0
2015-07-10T02:21:39,105.0
2015-07-10T02:50:51,117.0
2015-07-10T03:21:51,122.0
2015-07-10T03:51:38,74.0
2015-07-10T04:18:58,127.0
2015-07-10T04:50:41,62.0
2015-07-10T05:22:44,89.0
2015-07-10T05:49:51,127.0
2015-07-10T06:25:41,70.0
2015-07-10T06:54:49,86.0
2015-07-10T07:12:14,102.0
2015-07-10T07:21:59,93.0
2015-07-10T07:49:53,90.0
2015-07-10T08:03:57,87.0
2015-07-10T08:30:04,97.0
2015-07-10T08:59:49,143.0
2015-07-10T09:15:46,131.0
2015-07-10T09:25:45,124.0
2015-07-10T10:03:48,146.0
2015-07-10T10:19:51,152.0
2015-07-11T11:00:48,145.0
2015-07-11T11:47:50,108.0
2015-07-11T12:34:05,38.0
2015-07-11T13:09:48,136.0
2015-07-11T13:48:55,128.0
2015-07-11T14:45:53,131.0
2015-07-11T15:21:42,70.0
2015-07-11T16:07:49,127.0
2015-07-11T16:51:39,69.0
2015-07-11T17:21:46,123.0
2015-07-11T18:14:44,120.0
2015-07-11T19:00:38,121.0
2015-07-11T19:32:44,68.0
2015-07-11T20:12:44,86.0
2015-07-11T22:00:44,86.0
2015-07-11T22:41:51,75.0
2015-07-11T23:56:48,126.0
2015-07-11T00:22:46,90.0
2015-07-11T00:43:28,67.0
2015-07-11T01:02:46,119.0
2015-07-11T01:48:49,100.0
2015-07-11T02:22:42,73.0
2015-07-11T03:21:47,111.0
2015-07-11T03:49:40,114.0
2015-07-11T04:51:45,88.0
2015-07-11T05:19:49,127.0
2015-07-11T06:40:46,73.0
2015-07-11T08:23:56,117.0
2015-07-11T08:58:52,86.0
2015-07-11T09:39:48,128.0
2015-07-11T10:26:57,102.0
2015-07-12T10:37:38,126.0
2015-07-12T10:50:45,117.0
2015-07-12T10:59:43,109.0
2015-07-12T11:12:51,120.0
2015-07-12T11:18:45,75.0
2015-07-12T11:43:55,163.0
2015-07-12T12:03:58,126.0
2015-07-12T12:41:00,133.0
2015-07-12T12:52:43,145.0
2015-07-12T13:00:53,167.0
2015-07-12T13:10:52,119.0
2015-07-12T13:25:48,121.0
2015-07-12T13:31:57,81.0
2015-07-12T13:52:53,133.0
2015-07-12T14:16:46,125.0
2015-07-12T15:04:43,77.0
2015-07-12T15:11:52,71.0
2015-07-12T15:18:50,142.0
2015-07-12T15:42:44,113.0
2015-07-12T16:03:48,126.0
2015-07-12T16:22:49,141.0
2015-07-12T17:07:53,129.0
2015-07-12T17:18:51,95.0
2015-07-12T17:25:57,126.0
2015-07-12T17:31:00,80.0
2015-07-12T17:39:58,92.0
2015-07-12T17:50:47,123.0
2015-07-12T18:12:55,79.0
2015-07-12T18:30:48,78.0
2015-07-12T19:11:51,62.0
2015-07-12T19:18:45,129.0
2015-07-12T19:26:53,69.0
2015-07-12T19:38:48,123.0
2015-07-12T19:50:05,90.0
2015-07-12T20:11:49,75.0
2015-07-12T21:08:00,130.0
2015-07-12T21:12:53,78.0
2015-07-12T21:28:56,132.0
2015-07-12T21:44:59,80.0
2015-07-12T21:59:52,75.0
2015-07-12T22:51:44,82.0
2015-07-12T23:05:40,122.0
2015-07-12T23:22:49,96.0
2015-07-12T23:34:54,68.0
2015-07-12T00:22:55,96.0
2015-07-12T01:19:47,126.0
2015-07-12T01:52:44,118.0
2015-07-12T02:55:51,136.0
2015-07-12T03:20:51,124.0
2015-07-12T04:19:51,77.0
2015-07-12T04:51:41,60.0
2015-07-12T05:47:42,108.0
2015-07-12T07:05:49,130.0
2015-07-12T07:16:48,107.0
2015-07-12T08:10:42,119.0
2015-07-12T08:40:38,113.0
2015-07-12T08:54:47,107.0
2015-07-12T09:07:51,105.0
2015-07-12T09:38:54,73.0
2015-07-12T10:04:45,61.0
2015-07-13T10:47:47,123.0
2015-07-13T10:58:43,112.0
2015-07-13T11:24:48,119.0
2015-07-13T11:35:46,131.0
2015-07-13T12:04:18,91.0
2015-07-13T12:31:56,119.0
2015-07-13T12:55:14,98.0
2015-07-13T13:06:58,129.0
2015-07-13T13:35:28,118.0
2015-07-13T13:45:51,124.0
2015-07-13T14:14:55,135.0
2015-07-13T14:28:50,79.0
2015-07-13T15:05:45,184.0
2015-07-13T15:12:53,135.0
2015-07-13T15:46:14,91.0
2015-07-13T16:03:40,66.0
2015-07-13T16:27:29,129.0
2015-07-13T16:34:40,120.0
2015-07-13T16:49:34,137.0
2015-07-13T17:23:34,75.0
2015-07-13T17:28:29,126.0
2015-07-13T18:10:48,91.0
2015-07-13T18:16:41,90.0
2015-07-13T18:39:48,75.0
2015-07-13T18:46:56,70.0
2015-07-13T18:57:53,125.0
2015-07-13T19:43:39,102.0
2015-07-13T19:44:42,161.0
2015-07-13T20:19:53,42.0
2015-07-13T20:52:44,138.0
2015-07-13T21:47:59,99.0
2015-07-13T22:41:43,150.0
2015-07-13T22:51:57,38.0
2015-07-13T23:26:49,113.0
2015-07-13T00:40:48,89.0
2015-07-13T00:58:47,106.0
2015-07-13T02:22:44,90.0
2015-07-13T03:47:50,99.0
2015-07-13T05:19:42,119.0
2015-07-13T06:28:42,129.0
2015-07-13T06:42:57,99.0
2015-07-13T07:11:06,105.0
2015-07-13T07:23:52,115.0
2015-07-13T07:44:52,86.0
2015-07-13T07:55:50,83.0
2015-07-13T08:37:01,111.0
2015-07-13T08:51:10,99.0
2015-07-13T09:21:04,73.0
2015-07-13T09:24:42,122.0
2015-07-13T09:53:07,83.0
2015-07-13T10:03:45,123.0
2015-07-14T10:43:47,136.0
2015-07-14T11:29:00,119.0
2015-07-14T11:45:02,89.0
2015-07-14T11:55:47,130.0
2015-07-14T12:08:54,78.0
2015-07-14T12:20:59,85.0
2015-07-14T12:38:46,168.0
2015-07-14T12:46:43,29.0
2015-07-14T13:47:01,124.0
2015-07-14T13:45:45,115.0
2015-07-14T13:56:47,116.0
2015-07-14T14:06:59,132.0
2015-07-14T14:16:40,104.0
2015-07-14T14:23:05,117.0
2015-07-14T14:35:55,208.0
2015-07-14T15:00:57,131.0
2015-07-14T15:01:50,131.0
2015-07-14T15:28:49,107.0
2015-07-14T15:55:00,123.0
2015-07-14T16:13:35,151.0
2015-07-14T16:20:35,122.0
2015-07-14T16:26:36,122.0
2015-07-14T16:33:49,143.0
2015-07-14T16:45:12,168.0
2015-07-14T16:51:39,166.0
2015-07-14T17:09:36,151.0
2015-07-14T17:15:36,157.0
2015-07-14T17:39:42,103.0
2015-07-14T18:01:41,81.0
2015-07-14T18:28:36,113.0
2015-07-14T19:02:46,72.0
2015-07-14T18:44:48,184.0
2015-07-14T18:47:49,71.0
2015-07-14T19:01:44,117.0
2015-07-14T19:03:06,90.0
2015-07-14T19:30:04,91.0
2015-07-14T19:30:57,87.0
2015-07-14T19:51:55,156.0
2015-07-14T20:12:51,134.0
2015-07-14T20:33:49,126.0
2015-07-14T20:43:48,86.0
2015-07-14T20:53:52,152.0
2015-07-14T21:08:52,142.0
2015-07-14T21:28:50,161.0
2015-07-14T21:52:47,85.0
2015-07-14T22:20:51,122.0
2015-07-14T22:50:47,72.0
2015-07-14T23:05:46,71.0
2015-07-14T23:34:45,91.0
2015-07-14T23:58:52,63.0
2015-07-14T00:22:40,66.0
2015-07-14T00:39:50,74.0
2015-07-14T01:06:00,115.0
2015-07-14T01:50:48,125.0
2015-07-14T02:21:53,103.0
2015-07-14T03:23:42,117.0
2015-07-14T03:48:50,91.0
2015-07-14T04:50:39,64.0
2015-07-14T05:20:54,135.0
2015-07-14T06:11:53,65.0
2015-07-14T06:27:49,147.0
2015-07-14T07:11:55,99.0
2015-07-14T07:31:47,101.0
2015-07-14T07:46:57,62.0
2015-07-14T07:52:07,99.0
2015-07-14T08:15:05,117.0
2015-07-14T08:21:02,99.0
2015-07-14T08:43:00,69.0
2015-07-14T08:31:58,105.0
2015-07-14T09:22:56,75.0
2015-07-14T09:31:54,140.0
2015-07-14T09:45:07,128.0
2015-07-14T09:52:43,116.0
2015-07-14T10:05:02,100.0
2015-07-14T10:26:48,74.0
2015-07-14T10:36:39,125.0
2015-07-15T10:59:49,62.0
2015-07-15T11:07:48,133.0
2015-07-15T11:54:56,109.0
2015-07-15T11:32:55,124.0
2015-07-15T11:58:51,89.0
2015-07-15T12:16:48,137.0
2015-07-15T12:25:53,168.0
2015-07-15T12:48:45,75.0
2015-07-15T13:08:46,129.0
2015-07-15T13:13:46,84.0
2015-07-15T13:44:22,108.0
2015-07-15T14:14:53,121.0
2015-07-15T14:22:57,132.0
2015-07-15T15:00:11,151.0
2015-07-15T15:15:12,94.0
2015-07-15T15:28:41,127.0
2015-07-15T15:35:46,119.0
2015-07-15T15:55:46,120.0
2015-07-15T16:03:33,149.0
2015-07-15T16:18:37,117.0
2015-07-15T16:48:27,105.0
2015-07-15T17:14:37,109.0
2015-07-15T17:30:36,65.0
2015-07-15T17:39:38,80.0
2015-07-15T17:49:32,127.0
2015-07-15T18:14:31,127.0
2015-07-15T18:21:29,158.0
2015-07-15T18:35:46,130.0
2015-07-15T18:57:19,91.0
2015-07-15T19:27:48,136.0
2015-07-15T19:39:56,76.0
2015-07-15T19:53:46,131.0
2015-07-15T20:00:45,151.0
2015-07-15T20:22:44,128.0
2015-07-15T20:43:51,86.0
2015-07-15T21:54:41,72.0
2015-07-15T22:09:54,30.0
2015-07-15T23:35:41,88.0
2015-07-15T23:53:52,118.0
2015-07-15T00:43:56,88.0
2015-07-15T01:49:50,105.0
2015-07-15T02:20:47,102.0
2015-07-15T03:15:42,60.0
2015-07-15T03:48:47,130.0
2015-07-15T04:44:44,95.0
2015-07-15T05:20:48,93.0
2015-07-15T06:41:04,106.0
2015-07-15T06:54:53,102.0
2015-07-15T07:23:49,82.0
2015-07-15T07:51:26,75.0
2015-07-15T08:02:05,105.0
2015-07-15T08:20:47,91.0
2015-07-15T08:42:09,110.0
2015-07-15T08:54:11,105.0
2015-07-15T09:04:02,136.0
2015-07-15T09:08:50,129.0
2015-07-15T09:27:45,144.0
2015-07-15T09:49:03,134.0
2015-07-15T10:03:51,128.0
2015-07-15T10:12:45,112.0
2015-07-15T10:31:49,80.0
2015-07-16T11:16:43,119.0
2015-07-16T11:26:49,133.0
2015-07-16T11:35:01,109.0
2015-07-16T11:45:54,130.0
2015-07-16T11:54:52,146.0
2015-07-16T12:45:49,126.0
2015-07-16T13:26:52,81.0
2015-07-16T13:37:45,132.0
2015-07-16T13:45:40,123.0
2015-07-16T13:55:25,89.0
2015-07-16T14:03:57,125.0
2015-07-16T14:38:46,116.0
2015-07-16T14:58:48,130.0
2015-07-16T15:26:59,77.0
2015-07-16T15:37:50,73.0
2015-07-16T15:48:40,119.0
2015-07-16T16:02:29,156.0
2015-07-16T16:16:36,123.0
2015-07-16T16:19:31,128.0
2015-07-16T16:49:41,135.0
2015-07-16T17:14:36,104.0
2015-07-16T17:41:33,152.0
2015-07-16T17:55:38,122.0
2015-07-16T18:09:42,106.0
2015-07-16T18:19:03,70.0
2015-07-16T18:25:41,100.0
2015-07-16T18:35:55,140.0
2015-07-16T19:09:54,117.0
2015-07-16T19:27:50,141.0
2015-07-16T19:52:47,191.0
2015-07-16T20:12:37,120.0
2015-07-16T20:33:49,120.0
2015-07-16T20:42:51,120.0
2015-07-16T21:11:28,12.0
2015-07-16T21:53:46,90.0
2015-07-16T22:26:48,119.0
2015-07-16T23:34:59,105.0
2015-07-16T23:55:52,123.0
2015-07-16T01:20:56,155.0
2015-07-16T02:53:53,79.0
2015-07-16T04:22:50,139.0
2015-07-16T05:50:50,116.0
2015-07-16T07:11:54,129.0
2015-07-16T07:19:50,104.0
2015-07-16T07:31:01,109.0
2015-07-16T08:21:53,95.0
2015-07-16T09:07:49,129.0
2015-07-16T09:18:47,137.0
2015-07-16T09:31:45,82.0
2015-07-16T09:37:53,123.0
2015-07-16T09:44:00,90.0
2015-07-16T10:31:49,114.0
2015-07-17T10:56:45,123.0
2015-07-17T11:28:44,130.0
2015-07-17T11:35:12,94.0
2015-07-17T11:45:47,126.0
2015-07-17T11:53:48,138.0
2015-07-17T12:03:42,124.0
2015-07-17T12:13:59,81.0
2015-07-17T12:28:49,127.0
2015-07-17T12:36:04,112.0
2015-07-17T12:46:49,127.0
2015-07-17T13:09:50,154.0
2015-07-17T13:35:42,169.0
2015-07-17T13:44:47,125.0
2015-07-17T13:59:45,146.0
2015-07-17T14:08:01,95.0
2015-07-17T14:15:42,163.0
2015-07-17T14:22:41,120.0
2015-07-17T14:43:59,84.0
2015-07-17T14:51:55,133.0
2015-07-17T14:58:03,133.0
2015-07-17T15:13:52,128.0
2015-07-17T15:28:53,146.0
2015-07-17T15:56:46,111.0
2015-07-17T16:07:36,251.0
2015-07-17T16:13:26,138.0
2015-07-17T16:19:42,132.0
2015-07-17T16:36:28,125.0
2015-07-17T16:47:28,161.0
2015-07-17T17:05:06,122.0
2015-07-17T17:11:09,62.0
2015-07-17T17:14:36,139.0
2015-07-17T17:28:38,90.0
2015-07-17T17:39:40,87.0
2015-07-17T18:08:25,119.0
2015-07-17T18:21:38,149.0
2015-07-17T18:29:38,85.0
2015-07-17T18:38:49,121.0
2015-07-17T18:40:46,126.0
2015-07-17T18:57:47,73.0
2015-07-17T19:14:52,82.0
2015-07-17T19:25:06,132.0
2015-07-17T19:45:56,78.0
2015-07-17T19:52:57,147.0
2015-07-17T20:16:46,76.0
2015-07-17T20:33:47,124.0
2015-07-17T20:45:52,140.0
2015-07-17T21:28:46,80.0
2015-07-17T21:55:56,145.0
2015-07-17T22:26:51,74.0
2015-07-17T22:41:58,72.0
2015-07-17T22:54:52,101.0
2015-07-17T23:10:47,107.0
2015-07-17T23:35:56,88.0
2015-07-17T23:53:01,68.0
2015-07-17T01:17:46,60.0
2015-07-17T02:50:01,119.0
2015-07-17T04:20:51,126.0
2015-07-17T05:50:57,84.0
2015-07-17T06:07:51,137.0
2015-07-17T06:43:49,96.0
2015-07-17T07:09:39,119.0
2015-07-17T07:24:00,87.0
2015-07-17T07:30:56,101.0
2015-07-17T07:40:53,51.0
2015-07-17T07:50:48,102.0
2015-07-17T08:00:06,98.0
2015-07-17T08:16:53,94.0
2015-07-17T08:19:28,126.0
2015-07-17T08:48:04,96.0
2015-07-17T08:49:07,106.0
2015-07-17T09:18:46,66.0
2015-07-17T09:25:02,132.0
2015-07-17T09:33:44,129.0
2015-07-17T09:46:54,161.0
2015-07-17T09:54:55,30.0
2015-07-17T10:02:48,74.0
2015-07-17T10:14:46,114.0
2015-07-17T10:25:49,127.0
2015-07-17T10:33:56,171.0
2015-07-18T10:41:57,30.0
2015-07-18T11:17:41,122.0
2015-07-18T11:24:58,83.0
2015-07-18T11:52:57,106.0
2015-07-18T12:00:48,120.0
2015-07-18T12:32:47,79.0
2015-07-18T12:44:38,126.0
2015-07-18T13:14:46,119.0
2015-07-18T13:25:41,91.0
2015-07-18T14:12:46,134.0
2015-07-18T14:15:50,136.0
2015-07-18T14:42:44,117.0
2015-07-18T14:56:50,132.0
2015-07-18T15:27:02,100.0
2015-07-18T15:32:58,177.0
2015-07-18T16:14:57,133.0
2015-07-18T16:21:50,163.0
2015-07-18T16:50:32,121.0
2015-07-18T17:08:45,125.0
2015-07-18T17:40:49,59.0
2015-07-18T17:43:56,121.0
2015-07-18T18:21:51,90.0
2015-07-18T18:31:52,125.0
2015-07-18T19:02:47,140.0
2015-07-18T19:11:41,111.0
2015-07-18T19:40:57,107.0
2015-07-18T20:22:42,140.0
2015-07-18T21:04:42,121.0
2015-07-18T21:34:29,61.0
2015-07-18T22:13:57,133.0
2015-07-18T22:40:48,82.0
2015-07-18T22:48:01,90.0
2015-07-18T23:22:49,82.0
2015-07-18T00:05:56,155.0
2015-07-18T00:22:51,113.0
2015-07-18T00:40:47,65.0
2015-07-18T01:22:58,100.0
2015-07-18T01:49:56,124.0
2015-07-18T02:21:48,98.0
2015-07-18T02:51:54,114.0
2015-07-18T03:19:50,100.0
2015-07-18T03:49:44,107.0
2015-07-18T04:20:56,114.0
2015-07-18T04:52:44,94.0
2015-07-18T05:17:43,84.0
2015-07-18T05:46:51,78.0
2015-07-18T06:15:40,106.0
2015-07-18T06:39:50,111.0
2015-07-18T07:04:41,71.0
2015-07-18T07:22:43,105.0
2015-07-18T07:54:48,73.0
2015-07-18T08:08:46,109.0
2015-07-18T08:23:48,110.0
2015-07-18T08:43:44,137.0
2015-07-18T09:14:37,72.0
2015-07-18T09:53:42,105.0
2015-07-18T10:04:55,76.0
2015-07-18T10:30:08,151.0
2015-07-19T11:13:42,137.0
2015-07-19T11:54:10,0.0
2015-07-19T12:00:43,142.0
2015-07-19T12:16:51,124.0
2015-07-19T12:20:00,80.0
2015-07-19T13:19:43,101.0
2015-07-19T13:32:56,139.0
2015-07-19T14:01:58,122.0
2015-07-19T14:13:44,132.0
2015-07-19T14:33:05,74.0
2015-07-19T14:33:27,90.0
2015-07-19T15:23:47,169.0
2015-07-19T15:45:51,52.0
2015-07-19T16:14:01,139.0
2015-07-19T16:20:55,140.0
2015-07-19T16:38:46,119.0
2015-07-19T16:40:01,79.0
2015-07-19T17:32:50,67.0
2015-07-19T17:51:57,75.0
2015-07-19T18:21:16,97.0
2015-07-19T18:33:47,120.0
2015-07-19T18:45:45,80.0
2015-07-19T18:47:45,91.0
2015-07-19T19:37:56,104.0
2015-07-19T19:49:46,136.0
2015-07-19T20:22:55,121.0
2015-07-19T20:39:44,128.0
2015-07-19T20:43:57,83.0
2015-07-19T21:28:01,91.0
2015-07-19T21:46:49,106.0
2015-07-19T22:11:02,97.0
2015-07-19T22:21:47,80.0
2015-07-19T23:21:36,60.0
2015-07-19T23:36:54,137.0
2015-07-19T00:20:47,109.0
2015-07-19T00:37:37,153.0
2015-07-19T00:57:46,88.0
2015-07-19T01:35:48,124.0
2015-07-19T01:55:47,84.0
2015-07-19T02:22:37,99.0
2015-07-19T03:21:39,60.0
2015-07-19T03:46:47,164.0
2015-07-19T04:20:44,202.0
2015-07-19T04:51:51,133.0
2015-07-19T05:18:54,90.0
2015-07-19T05:48:47,72.0
2015-07-19T06:15:50,75.0
2015-07-19T07:21:41,104.0
2015-07-19T07:53:05,81.0
2015-07-19T08:07:20,103.0
2015-07-19T09:13:42,108.0
2015-07-19T09:50:54,134.0
2015-07-19T10:02:45,157.0
2015-07-19T10:17:51,74.0
2015-07-20T10:43:53,135.0
2015-07-20T10:56:43,133.0
2015-07-20T11:07:56,119.0
2015-07-20T11:14:43,131.0
2015-07-20T11:27:04,148.0
2015-07-20T11:32:05,136.0
2015-07-20T12:54:56,139.0
2015-07-20T13:10:39,145.0
2015-07-20T13:15:56,142.0
2015-07-20T13:23:45,127.0
2015-07-20T13:41:51,73.0
2015-07-20T13:48:10,145.0
2015-07-20T14:33:40,167.0
2015-07-20T15:14:56,86.0
2015-07-20T15:15:48,138.0
2015-07-20T15:31:01,146.0
2015-07-20T15:50:43,126.0
2015-07-20T15:56:05,166.0
2015-07-20T16:05:31,132.0
2015-07-20T16:25:37,67.0
2015-07-20T16:55:25,107.0
2015-07-20T17:26:50,81.0
2015-07-20T17:29:36,120.0
2015-07-20T17:51:38,161.0
2015-07-20T17:53:37,135.0
2015-07-20T18:03:37,148.0
2015-07-20T18:18:31,132.0
2015-07-20T18:44:46,58.0
2015-07-20T19:05:45,79.0
2015-07-20T19:45:59,139.0
2015-07-20T19:46:40,141.0
2015-07-20T20:03:48,121.0
2015-07-20T20:12:48,127.0
2015-07-20T21:08:46,97.0
2015-07-20T21:41:49,114.0
2015-07-20T22:36:46,64.0
2015-07-20T22:51:45,87.0
2015-07-20T23:29:45,92.0
2015-07-20T23:53:58,87.0
2015-07-20T00:58:52,121.0
2015-07-20T06:26:49,68.0
2015-07-20T06:42:52,103.0
2015-07-20T06:59:10,133.0
2015-07-20T07:13:02,119.0
2015-07-20T07:20:51,92.0
2015-07-20T08:35:06,95.0
2015-07-20T08:50:01,115.0
2015-07-20T09:00:01,94.0
2015-07-20T09:05:37,60.0
2015-07-20T09:20:57,142.0
2015-07-20T09:23:47,87.0
2015-07-21T11:14:42,116.0
2015-07-21T11:34:44,116.0
2015-07-21T11:54:41,120.0
2015-07-21T12:25:28,121.0
2015-07-21T12:42:53,142.0
2015-07-21T12:44:11,147.0
2015-07-21T13:31:56,50.0
2015-07-21T13:51:10,135.0
2015-07-21T14:04:51,84.0
2015-07-21T14:45:02,89.0
2015-07-21T14:51:52,149.0
2015-07-21T14:58:44,127.0
2015-07-21T15:22:53,92.0
2015-07-21T15:46:58,86.0
2015-07-21T16:09:36,126.0
2015-07-21T16:21:31,138.0
2015-07-21T17:00:55,173.0
2015-07-21T17:09:45,139.0
2015-07-21T17:14:45,116.0
2015-07-21T17:39:41,161.0
2015-07-21T17:56:43,152.0
2015-07-21T18:20:36,80.0
2015-07-21T18:34:54,150.0
2015-07-21T19:14:50,74.0
2015-07-21T19:20:50,110.0
2015-07-21T19:26:50,80.0
2015-07-21T19:51:59,125.0
2015-07-21T20:44:50,188.0
2015-07-21T21:25:59,92.0
2015-07-21T21:53:58,159.0
2015-07-21T22:58:16,95.0
2015-07-21T23:06:51,106.0
2015-07-21T23:35:51,143.0
2015-07-21T23:53:57,136.0
2015-07-21T00:18:46,34.0
2015-07-21T00:36:45,96.0
2015-07-21T01:11:55,170.0
2015-07-21T01:19:54,131.0
2015-07-21T01:50:50,66.0
2015-07-21T02:20:46,107.0
2015-07-21T02:53:48,103.0
2015-07-21T03:21:55,58.0
2015-07-21T03:50:48,160.0
2015-07-21T04:25:47,157.0
2015-07-21T04:50:56,73.0
2015-07-21T05:17:48,72.0
2015-07-21T05:48:52,147.0
2015-07-21T06:07:53,102.0
2015-07-21T07:18:14,141.0
2015-07-21T07:33:55,98.0
2015-07-21T08:03:05,79.0
2015-07-21T08:18:13,146.0
2015-07-21T08:22:54,130.0
2015-07-21T09:02:02,103.0
2015-07-21T09:27:45,118.0
2015-07-21T09:43:42,123.0
2015-07-21T10:15:47,120.0
2015-07-21T10:32:52,135.0
2015-07-21T10:37:45,171.0
2015-07-22T10:53:45,126.0
2015-07-22T11:04:54,128.0
2015-07-22T11:16:53,118.0
2015-07-22T11:27:45,109.0
2015-07-22T11:44:55,136.0
2015-07-22T12:27:53,36.0
2015-07-22T13:06:09,140.0
2015-07-22T13:13:03,131.0
2015-07-22T13:28:47,125.0
2015-07-22T13:39:42,71.0
2015-07-22T13:56:49,159.0
2015-07-22T14:46:54,128.0
2015-07-22T15:20:53,61.0
2015-07-22T15:22:42,124.0
2015-07-22T15:37:05,110.0
2015-07-22T15:40:54,131.0
2015-07-22T15:56:49,90.0
2015-07-22T16:09:44,134.0
2015-07-22T16:27:10,159.0
2015-07-22T16:58:39,72.0
2015-07-22T17:42:39,94.0
2015-07-22T17:43:43,127.0
2015-07-22T17:47:41,130.0
2015-07-22T17:57:31,110.0
2015-07-22T18:01:32,144.0
2015-07-22T18:31:48,100.0
2015-07-22T19:14:48,87.0
2015-07-22T19:51:57,139.0
2015-07-22T19:53:51,97.0
2015-07-22T19:58:51,76.0
2015-07-22T20:11:58,60.0
2015-07-22T20:31:47,128.0
2015-07-22T21:53:50,154.0
2015-07-22T22:24:47,133.0
2015-07-22T22:51:47,139.0
2015-07-22T23:35:53,144.0
2015-07-22T23:52:49,133.0
2015-07-22T00:41:02,153.0
2015-07-22T01:20:48,124.0
2015-07-22T02:21:02,144.0
2015-07-22T02:51:51,115.0
2015-07-22T03:50:03,172.0
2015-07-22T04:21:45,125.0
2015-07-22T05:20:54,120.0
2015-07-22T05:46:55,76.0
2015-07-22T06:42:46,95.0
2015-07-22T06:56:02,116.0
2015-07-22T07:10:48,110.0
2015-07-22T07:34:57,98.0
2015-07-22T08:02:49,121.0
2015-07-22T08:51:52,140.0
2015-07-22T08:58:05,159.0
2015-07-22T09:06:46,116.0
2015-07-22T09:17:46,130.0
2015-07-22T09:32:09,92.0
2015-07-22T10:14:40,66.0
2015-07-23T10:56:50,120.0
2015-07-23T11:09:47,127.0
2015-07-23T11:59:44,114.0
2015-07-23T12:04:43,126.0
2015-07-23T13:07:50,78.0
2015-07-23T13:13:47,127.0
2015-07-23T14:07:00,138.0
2015-07-23T14:14:41,132.0
2015-07-23T14:32:49,126.0
2015-07-23T14:48:45,126.0
2015-07-23T15:20:52,186.0
2015-07-23T15:21:57,142.0
2015-07-23T15:40:50,131.0
2015-07-23T15:54:00,91.0
2015-07-23T16:18:47,125.0
2015-07-23T16:25:48,130.0
2015-07-23T16:34:31,159.0
2015-07-23T16:58:29,121.0
2015-07-23T17:01:50,121.0
2015-07-23T17:33:34,76.0
2015-07-23T17:40:31,126.0
2015-07-23T17:49:13,146.0
2015-07-23T18:12:47,86.0
2015-07-23T18:38:54,152.0
2015-07-23T18:45:01,134.0
2015-07-23T18:48:47,145.0
2015-07-23T19:08:54,140.0
2015-07-23T19:14:02,31.0
2015-07-23T19:41:55,89.0
2015-07-23T19:50:47,148.0
2015-07-23T20:03:51,123.0
2015-07-23T20:25:50,155.0
2015-07-23T20:41:57,105.0
2015-07-23T20:54:42,89.0
2015-07-23T21:10:51,114.0
2015-07-23T21:54:11,60.0
2015-07-23T22:16:49,145.0
2015-07-23T23:34:43,90.0
2015-07-23T00:03:49,84.0
2015-07-23T00:44:48,93.0
2015-07-23T01:19:49,131.0
2015-07-23T02:22:45,166.0
2015-07-23T02:51:49,217.0
2015-07-23T03:48:42,73.0
2015-07-23T04:21:39,65.0
2015-07-23T05:21:44,131.0
2015-07-23T05:50:48,134.0
2015-07-23T06:40:54,90.0
2015-07-23T06:55:55,99.0
2015-07-23T07:42:02,90.0
2015-07-23T08:01:47,68.0
2015-07-23T08:42:29,64.0
2015-07-23T08:48:03,96.0
2015-07-23T09:01:05,118.0
2015-07-23T09:44:02,83.0
2015-07-23T09:52:43,129.0
2015-07-23T10:12:41,51.0
2015-07-24T11:13:42,122.0
2015-07-24T11:24:49,172.0
2015-07-24T11:44:55,108.0
2015-07-24T11:54:44,122.0
2015-07-24T12:17:51,60.0
2015-07-24T12:28:51,74.0
2015-07-24T13:22:56,131.0
2015-07-24T13:35:55,72.0
2015-07-24T13:48:36,119.0
2015-07-24T14:13:49,187.0
2015-07-24T14:23:46,119.0
2015-07-24T14:49:42,131.0
2015-07-24T15:27:56,164.0
2015-07-24T15:40:58,132.0
2015-07-24T15:50:51,127.0
2015-07-24T15:54:58,127.0
2015-07-24T16:05:36,131.0
2015-07-24T16:23:49,80.0
2015-07-24T16:36:33,133.0
2015-07-24T16:49:45,98.0
2015-07-24T16:59:34,138.0
2015-07-24T17:39:37,131.0
2015-07-24T17:56:42,132.0
2015-07-24T18:11:44,166.0
2015-07-24T18:13:40,171.0
2015-07-24T18:21:36,141.0
2015-07-24T18:34:58,144.0
2015-07-24T18:52:45,132.0
2015-07-24T19:08:06,136.0
2015-07-24T19:17:58,87.0
2015-07-24T19:51:45,135.0
2015-07-24T20:10:57,135.0
2015-07-24T20:29:46,121.0
2015-07-24T20:47:50,102.0
2015-07-24T21:52:54,87.0
2015-07-24T22:09:51,87.0
2015-07-24T23:05:50,68.0
2015-07-24T23:34:52,96.0
2015-07-24T23:57:51,27.0
2015-07-24T07:09:53,97.0
2015-07-24T07:22:55,93.0
2015-07-24T07:52:09,57.0
2015-07-24T08:04:52,150.0
2015-07-24T09:11:47,125.0
2015-07-24T09:15:48,132.0
2015-07-24T09:29:51,76.0
2015-07-24T09:44:44,128.0
2015-07-24T10:02:52,119.0
2015-07-24T10:16:19,197.0
2015-07-25T10:42:48,47.0
2015-07-25T10:48:42,90.0
2015-07-25T11:01:44,126.0
2015-07-25T11:14:04,140.0
2015-07-25T11:33:52,142.0
2015-07-25T11:47:47,139.0
2015-07-25T11:52:46,126.0
2015-07-25T12:22:00,135.0
2015-07-25T12:33:04,95.0
2015-07-25T12:42:59,92.0
2015-07-25T12:57:41,168.0
2015-07-25T13:01:48,72.0
2015-07-25T13:16:43,115.0
2015-07-25T13:40:43,114.0
2015-07-25T13:47:45,127.0
2015-07-25T13:52:45,120.0
2015-07-25T14:04:51,125.0
2015-07-25T14:32:44,72.0
2015-07-25T14:42:44,63.0
2015-07-25T14:58:56,123.0
2015-07-25T15:02:52,147.0
2015-07-25T15:12:52,139.0
2015-07-25T15:24:49,138.0
2015-07-25T15:42:43,140.0
2015-07-25T15:52:52,131.0
2015-07-25T16:04:48,141.0
2015-07-25T16:13:07,89.0
2015-07-25T16:47:51,102.0
2015-07-25T16:50:52,140.0
2015-07-25T17:07:55,139.0
2015-07-25T17:14:05,123.0
2015-07-25T17:23:55,124.0
2015-07-25T17:39:43,68.0
2015-07-25T17:54:49,125.0
2015-07-25T17:59:52,99.0
2015-07-25T18:16:41,129.0
2015-07-25T18:22:40,129.0
2015-07-25T18:51:41,115.0
2015-07-25T19:00:45,81.0
2015-07-25T19:26:26,182.0
2015-07-25T19:29:46,119.0
2015-07-25T19:31:04,90.0
2015-07-25T19:50:39,185.0
2015-07-25T19:56:46,90.0
2015-07-25T20:11:54,93.0
2015-07-25T20:22:49,82.0
2015-07-25T20:42:39,76.0
2015-07-25T21:11:51,130.0
2015-07-25T21:13:55,128.0
2015-07-25T21:46:48,138.0
2015-07-25T22:00:42,123.0
2015-07-25T22:10:01,82.0
2015-07-25T22:36:51,74.0
2015-07-25T22:52:47,91.0
2015-07-25T23:08:49,123.0
2015-07-25T23:38:18,68.0
2015-07-25T00:47:49,124.0
2015-07-25T01:22:24,82.0
2015-07-25T02:31:49,124.0
2015-07-25T02:51:38,60.0
2015-07-25T03:49:46,59.0
2015-07-25T04:22:40,109.0
2015-07-25T05:20:05,133.0
2015-07-25T05:47:41,106.0
2015-07-25T06:21:41,99.0
2015-07-25T06:42:45,85.0
2015-07-25T07:01:38,96.0
2015-07-25T07:21:46,85.0
2015-07-25T07:36:50,90.0
2015-07-25T07:51:49,152.0
2015-07-25T08:23:06,93.0
2015-07-25T08:44:48,86.0
2015-07-25T08:54:39,66.0
2015-07-25T09:15:54,110.0
2015-07-25T09:28:47,144.0
2015-07-25T09:38:01,84.0
2015-07-25T09:55:44,128.0
2015-07-25T10:20:49,73.0
2015-07-25T10:29:01,95.0
2015-07-26T23:51:50,153.0
2015-07-26T00:22:41,75.0
2015-07-26T00:45:52,129.0
2015-07-26T01:46:46,101.0
2015-07-26T02:24:53,99.0
2015-07-26T03:19:48,124.0
2015-07-26T03:49:47,105.0
2015-07-26T04:49:45,132.0
2015-07-26T05:19:52,108.0
2015-07-27T10:46:59,134.0
2015-07-27T11:53:48,110.0
2015-07-27T12:03:50,130.0
2015-07-27T13:08:59,126.0
2015-07-27T13:03:49,66.0
2015-07-27T14:06:55,130.0
2015-07-27T14:15:45,77.0
2015-07-27T14:59:04,138.0
2015-07-27T15:06:59,131.0
2015-07-27T16:19:39,161.0
2015-07-27T16:35:04,145.0
2015-07-27T16:34:29,177.0
2015-07-27T17:23:44,174.0
2015-07-27T17:17:34,133.0
2015-07-27T18:37:51,125.0
2015-07-27T18:46:38,122.0
2015-07-27T19:29:51,94.0
2015-07-27T19:37:55,146.0
2015-07-27T20:41:30,60.0
2015-07-27T20:52:46,149.0
2015-07-27T21:49:27,130.0
2015-07-27T22:36:56,88.0
2015-07-27T22:52:48,71.0
2015-07-27T23:32:44,125.0
2015-07-27T01:24:41,50.0
2015-07-27T02:52:47,156.0
2015-07-27T04:24:48,162.0
2015-07-27T05:51:47,138.0
2015-07-27T06:26:46,88.0
2015-07-27T07:40:26,123.0
2015-07-27T08:32:14,71.0
2015-07-27T08:37:59,143.0
2015-07-27T09:43:53,123.0
2015-07-27T09:55:41,69.0
2015-07-27T10:36:58,131.0
2015-07-28T10:44:47,71.0
2015-07-28T10:55:46,130.0
2015-07-28T11:40:27,86.0
2015-07-28T11:48:02,147.0
2015-07-28T11:56:39,126.0
2015-07-28T12:26:50,74.0
2015-07-28T12:44:54,137.0
2015-07-28T12:54:47,131.0
2015-07-28T13:06:46,120.0
2015-07-28T13:58:51,80.0
2015-07-28T14:03:45,125.0
2015-07-28T14:47:48,72.0
2015-07-28T14:58:49,151.0
2015-07-28T15:07:42,113.0
2015-07-28T15:12:49,143.0
2015-07-28T15:22:55,83.0
2015-07-28T15:56:03,141.0
2015-07-28T16:11:44,134.0
2015-07-28T16:18:31,130.0
2015-07-28T17:15:34,128.0
2015-07-28T17:22:42,119.0
2015-07-28T17:29:30,119.0
2015-07-28T17:38:53,118.0
2015-07-28T18:21:37,126.0
2015-07-28T18:28:32,124.0
2015-07-28T18:31:57,97.0
2015-07-28T19:14:01,138.0
2015-07-28T19:26:47,129.0
2015-07-28T19:39:46,119.0
2015-07-28T19:40:53,156.0
2015-07-28T19:50:53,78.0
2015-07-28T20:37:33,89.0
2015-07-28T20:43:43,125.0
2015-07-28T21:46:46,117.0
2015-07-28T21:52:50,94.0
2015-07-28T22:32:50,142.0
2015-07-28T22:26:48,128.0
2015-07-28T22:36:49,45.0
2015-07-28T22:53:59,133.0
2015-07-28T23:22:17,88.0
2015-07-28T23:33:51,70.0
2015-07-28T23:53:51,175.0
2015-07-28T00:18:48,86.0
2015-07-28T00:40:46,149.0
2015-07-28T01:00:50,99.0
2015-07-28T01:50:53,65.0
2015-07-28T02:18:47,90.0
2015-07-28T03:20:43,72.0
2015-07-28T03:52:53,345.0
2015-07-28T04:49:42,96.0
2015-07-28T05:19:51,83.0
2015-07-28T06:27:46,76.0
2015-07-28T06:44:53,127.0
2015-07-28T07:36:00,135.0
2015-07-28T08:02:59,150.0
2015-07-28T08:22:04,106.0
2015-07-28T08:32:09,111.0
2015-07-28T08:48:17,116.0
2015-07-28T09:11:11,139.0
2015-07-28T09:34:53,209.0
2015-07-28T09:45:54,98.0
2015-07-28T10:22:05,84.0
2015-07-28T10:33:46,129.0
2015-07-29T10:49:52,120.0
2015-07-29T11:45:50,165.0
2015-07-29T12:11:44,135.0
2015-07-29T12:24:49,137.0
2015-07-29T12:34:53,139.0
2015-07-29T12:56:29,68.0
2015-07-29T14:00:50,124.0
2015-07-29T14:16:41,165.0
2015-07-29T14:35:46,127.0
2015-07-29T14:42:48,121.0
2015-07-29T15:01:53,170.0
2015-07-29T15:06:53,132.0
2015-07-29T16:14:35,67.0
2015-07-29T16:27:40,131.0
2015-07-29T16:34:33,136.0
2015-07-29T16:57:41,92.0
2015-07-29T17:02:39,163.0
2015-07-29T17:08:54,143.0
2015-07-29T17:21:40,84.0
2015-07-29T18:30:31,118.0
2015-07-29T18:44:48,131.0
2015-07-29T18:46:42,136.0
2015-07-29T19:11:52,126.0
2015-07-29T19:16:47,114.0
2015-07-29T19:20:45,122.0
2015-07-29T19:36:45,114.0
2015-07-29T20:32:55,141.0
2015-07-29T20:55:44,92.0
2015-07-29T21:09:54,127.0
2015-07-29T21:26:55,77.0
2015-07-29T21:41:45,141.0
2015-07-29T22:32:46,116.0
2015-07-29T22:36:51,103.0
2015-07-29T22:56:55,73.0
2015-07-29T23:10:48,63.0
2015-07-29T23:24:51,77.0
2015-07-29T23:55:42,119.0
2015-07-29T00:02:48,131.0
2015-07-29T00:18:46,90.0
2015-07-29T00:46:50,131.0
2015-07-29T01:01:51,133.0
2015-07-29T01:19:51,128.0
2015-07-29T01:50:47,64.0
2015-07-29T02:21:45,109.0
2015-07-29T02:51:55,77.0
2015-07-29T03:19:46,63.0
2015-07-29T03:49:45,75.0
2015-07-29T04:22:45,97.0
2015-07-29T04:48:44,61.0
2015-07-29T05:19:44,94.0
2015-07-29T05:48:56,130.0
2015-07-29T06:11:56,104.0
2015-07-29T06:28:49,129.0
2015-07-29T07:33:13,98.0
2015-07-29T07:45:56,104.0
2015-07-29T08:00:46,95.0
2015-07-29T08:16:57,87.0
2015-07-29T08:31:04,109.0
2015-07-29T09:33:50,133.0
2015-07-29T09:59:46,74.0
2015-07-29T10:11:39,118.0
2015-07-29T10:32:55,123.0
2015-07-30T10:44:46,74.0
2015-07-30T10:57:47,135.0
2015-07-30T11:24:46,129.0
2015-07-30T12:18:50,132.0
2015-07-30T12:54:57,142.0
2015-07-30T13:10:48,74.0
2015-07-30T13:41:58,77.0
2015-07-30T14:24:56,154.0
2015-07-30T14:38:54,134.0
2015-07-30T15:06:43,140.0
2015-07-30T15:13:53,127.0
2015-07-30T15:24:47,119.0
2015-07-30T15:53:59,32.0
2015-07-30T15:57:56,133.0
2015-07-30T16:27:39,123.0
2015-07-30T17:04:44,162.0
2015-07-30T17:26:24,121.0
2015-07-30T17:29:39,141.0
2015-07-30T17:38:41,125.0
2015-07-30T18:02:28,180.0
2015-07-30T18:12:39,134.0
2015-07-30T18:51:57,77.0
2015-07-30T19:05:46,120.0
2015-07-30T19:33:52,139.0
2015-07-30T19:38:46,203.0
2015-07-30T19:43:55,136.0
2015-07-30T19:49:53,135.0
2015-07-30T20:09:51,79.0
2015-07-30T20:29:55,146.0
2015-07-30T21:24:54,85.0
2015-07-30T21:43:53,158.0
2015-07-30T21:57:51,79.0
2015-07-30T22:14:55,128.0
2015-07-30T22:37:56,77.0
2015-07-30T22:56:52,88.0
2015-07-30T23:22:42,154.0
2015-07-30T23:36:51,130.0
2015-07-30T23:50:52,125.0
2015-07-30T00:18:54,103.0
2015-07-30T00:50:48,130.0
2015-07-30T00:57:46,73.0
2015-07-30T01:18:56,125.0
2015-07-30T01:50:47,60.0
2015-07-30T02:25:50,162.0
2015-07-30T02:50:51,60.0
2015-07-30T03:20:47,62.0
2015-07-30T03:50:56,117.0
2015-07-30T04:22:52,132.0
2015-07-30T04:50:47,66.0
2015-07-30T05:21:48,120.0
2015-07-30T05:48:52,132.0
2015-07-30T06:29:54,91.0
2015-07-30T06:41:30,118.0
2015-07-30T07:08:34,68.0
2015-07-30T07:51:01,96.0
2015-07-30T08:29:56,93.0
2015-07-30T08:41:54,95.0
2015-07-30T08:51:00,156.0
2015-07-30T09:19:00,190.0
2015-07-30T10:04:03,132.0
2015-07-31T11:05:41,175.0
2015-07-31T11:13:51,121.0
2015-07-31T11:59:51,120.0
2015-07-31T12:04:49,87.0
2015-07-31T12:30:56,99.0
2015-07-31T12:47:54,60.0
2015-07-31T13:14:40,87.0
2015-07-31T13:24:58,82.0
2015-07-31T14:14:53,114.0
2015-07-31T14:17:42,142.0
2015-07-31T14:36:02,205.0
2015-07-31T14:41:48,118.0
2015-07-31T15:00:41,123.0
2015-07-31T15:30:55,71.0
2015-07-31T15:37:47,130.0
2015-07-31T16:01:36,111.0
2015-07-31T16:20:17,66.0
2015-07-31T16:33:27,71.0
2015-07-31T16:34:45,129.0
2015-07-31T16:52:51,135.0
2015-07-31T16:59:34,127.0
2015-07-31T17:14:29,120.0
2015-07-31T17:44:31,134.0
2015-07-31T18:00:05,97.0
2015-07-31T18:19:53,141.0
2015-07-31T18:33:47,126.0
2015-07-31T18:45:52,83.0
2015-07-31T18:42:39,114.0
2015-07-31T19:06:51,140.0
2015-07-31T19:14:47,127.0
2015-07-31T19:26:43,80.0
2015-07-31T19:59:51,121.0
2015-07-31T20:26:57,79.0
2015-07-31T20:43:50,107.0
2015-07-31T21:11:52,130.0
2015-07-31T22:14:55,133.0
2015-07-31T22:55:53,133.0
2015-07-31T23:56:45,116.0
2015-07-31T00:25:48,78.0
2015-07-31T00:39:09,113.0
2015-07-31T00:58:57,118.0
2015-07-31T01:19:42,71.0
2015-07-31T02:22:54,118.0
2015-07-31T02:52:51,130.0
2015-07-31T03:49:49,100.0
2015-07-31T04:20:42,136.0
2015-07-31T05:20:54,89.0
2015-07-31T05:48:46,89.0
2015-07-31T07:09:48,122.0
2015-07-31T07:41:56,113.0
2015-07-31T08:01:57,91.0
2015-07-31T08:19:00,116.0
2015-07-31T08:41:05,105.0
2015-07-31T08:55:55,99.0
2015-07-31T09:06:50,122.0
2015-07-31T09:45:51,116.0
2015-07-31T09:54:56,64.0
2015-07-31T10:16:52,143.0
2015-07-31T10:33:44,110.0
2015-07-07T15:45:03,36.0
2015-07-10T15:45:14,141.0
2015-07-13T16:07:00,824.0
2015-07-14T15:13:56,142.0
2015-07-21T15:48:33,20.0
2015-07-27T15:46:25,196.0
2015-08-03T10:44:56,128.0
2015-08-03T21:52:57,158.0
2015-08-04T21:54:09,145.0
2015-08-07T10:46:49,168.0
2015-08-07T21:57:54,103.0
2015-08-10T10:47:25,160.0
2015-08-10T21:55:53,166.0
2015-08-11T10:51:43,118.0
2015-08-12T21:54:48,122.0
2015-08-14T10:49:46,195.0
2015-08-17T10:47:06,146.0
2015-08-18T10:44:50,126.0
2015-08-18T22:01:48,122.0
2015-08-19T21:53:41,81.0
2015-08-20T21:55:02,144.0
2015-08-25T22:03:54,129.0
2015-08-27T10:49:59,103.0
2015-08-27T22:01:56,143.0
2015-08-02T19:35:00,84.0
2015-08-02T22:45:53,108.0
2015-08-02T01:40:57,96.0
2015-08-03T19:54:04,156.0
2015-08-03T21:20:48,107.0
2015-08-04T19:01:52,181.0
2015-08-04T21:20:54,125.0
2015-08-04T01:14:56,74.0
2015-08-04T01:33:52,69.0
2015-08-05T20:16:54,146.0
2015-08-05T01:16:54,107.0
2015-08-06T20:04:45,144.0
2015-08-07T18:53:57,29.0
2015-08-07T01:15:51,146.0
2015-08-07T01:33:42,95.0
2015-08-08T19:37:51,156.0
2015-08-08T22:46:45,100.0
2015-08-09T19:33:58,116.0
2015-08-09T22:43:53,113.0
2015-08-10T22:51:44,75.0
2015-08-10T01:42:36,60.0
2015-08-11T21:18:49,71.0
2015-08-11T01:19:53,108.0
2015-08-12T19:02:51,77.0
2015-08-12T20:09:17,158.0
2015-08-12T21:34:53,152.0
2015-08-12T01:16:06,174.0
2015-08-12T01:34:56,107.0
2015-08-13T01:33:45,78.0
2015-08-14T18:58:50,152.0
2015-08-15T22:46:48,65.0
2015-08-15T01:43:51,96.0
2015-08-16T22:45:11,82.0
2015-08-16T01:29:10,139.0
2015-08-16T01:35:53,122.0
2015-08-17T19:09:02,136.0
2015-08-17T22:48:49,127.0
2015-08-17T01:23:55,109.0
2015-08-18T22:47:52,135.0
2015-08-19T20:00:49,131.0
2015-08-21T20:03:09,89.0
2015-08-21T21:20:46,60.0
2015-08-21T22:50:02,107.0
2015-08-22T01:16:50,105.0
2015-08-23T19:33:00,133.0
2015-08-23T22:46:49,105.0
2015-08-23T01:22:39,58.0
2015-08-23T01:34:47,61.0
2015-08-24T21:19:54,124.0
2015-08-24T01:42:51,115.0
2015-08-25T19:06:02,40.0
2015-08-25T20:07:09,147.0
2015-08-25T22:47:42,121.0
2015-08-25T01:14:49,127.0
2015-08-26T20:00:46,158.0
2015-08-27T18:52:58,140.0
2015-08-27T21:26:56,128.0
2015-08-27T01:33:49,124.0
2015-08-28T22:58:51,110.0
2015-08-28T01:35:41,109.0
2015-08-29T01:16:40,144.0
2015-08-29T01:59:49,108.0
2015-08-30T19:32:50,145.0
2015-08-01T11:14:51,123.0
2015-08-01T12:17:33,60.0
2015-08-01T12:20:43,116.0
2015-08-01T13:14:18,90.0
2015-08-01T13:36:51,128.0
2015-08-01T14:25:55,81.0
2015-08-01T14:39:42,114.0
2015-08-01T15:29:46,133.0
2015-08-01T15:45:53,116.0
2015-08-01T16:39:58,131.0
2015-08-01T16:53:57,83.0
2015-08-01T17:37:52,56.0
2015-08-01T17:56:47,107.0
2015-08-01T18:46:46,130.0
2015-08-01T19:00:51,134.0
2015-08-01T19:41:47,46.0
2015-08-01T19:54:40,90.0
2015-08-01T20:39:44,130.0
2015-08-01T20:45:55,150.0
2015-08-01T21:27:54,129.0
2015-08-01T21:45:49,69.0
2015-08-01T22:26:47,153.0
2015-08-01T22:53:11,64.0
2015-08-01T23:24:55,153.0
2015-08-01T23:38:00,143.0
2015-08-01T23:55:58,87.0
2015-08-01T00:44:44,132.0
2015-08-01T01:26:54,140.0
2015-08-01T02:20:44,123.0
2015-08-01T02:54:59,77.0
2015-08-01T03:51:42,119.0
2015-08-01T04:19:51,124.0
2015-08-01T05:17:46,94.0
2015-08-01T05:46:46,76.0
2015-08-01T07:22:55,110.0
2015-08-01T09:15:45,109.0
2015-08-01T10:16:45,64.0
2015-08-02T10:37:47,134.0
2015-08-02T11:24:04,89.0
2015-08-02T11:46:59,120.0
2015-08-02T12:30:53,126.0
2015-08-02T12:42:48,136.0
2015-08-02T13:30:03,128.0
2015-08-02T13:33:50,69.0
2015-08-02T13:57:55,78.0
2015-08-02T14:44:55,120.0
2015-08-02T14:58:46,133.0
2015-08-02T15:35:49,121.0
2015-08-02T15:41:25,87.0
2015-08-02T16:09:43,87.0
2015-08-02T16:57:00,138.0
2015-08-02T17:08:46,129.0
2015-08-02T17:44:03,91.0
2015-08-02T17:52:56,121.0
2015-08-02T18:16:44,129.0
2015-08-02T19:05:46,96.0
2015-08-02T19:09:55,96.0
2015-08-02T19:48:47,125.0
2015-08-02T20:10:45,139.0
2015-08-02T21:07:39,106.0
2015-08-02T21:44:06,91.0
2015-08-02T22:00:43,147.0
2015-08-02T22:55:39,119.0
2015-08-02T23:37:58,146.0
2015-08-02T00:05:00,173.0
2015-08-02T00:43:56,108.0
2015-08-02T00:59:00,109.0
2015-08-02T01:23:56,89.0
2015-08-02T02:23:38,148.0
2015-08-02T02:54:49,47.0
2015-08-02T03:50:38,110.0
2015-08-02T04:22:49,84.0
2015-08-02T05:16:39,100.0
2015-08-02T05:50:40,60.0
2015-08-02T06:37:50,89.0
2015-08-02T06:58:47,123.0
2015-08-02T08:23:47,117.0
2015-08-02T08:39:50,142.0
2015-08-02T09:37:54,86.0
2015-08-02T10:26:59,135.0
2015-08-03T11:05:25,162.0
2015-08-03T11:13:00,29.0
2015-08-03T11:25:45,93.0
2015-08-03T11:41:44,145.0
2015-08-03T12:05:43,127.0
2015-08-03T12:15:54,136.0
2015-08-03T12:28:44,126.0
2015-08-03T13:15:54,128.0
2015-08-03T13:31:41,126.0
2015-08-03T13:53:41,183.0
2015-08-03T14:13:48,79.0
2015-08-03T14:25:47,121.0
2015-08-03T14:42:59,82.0
2015-08-03T15:30:51,122.0
2015-08-03T15:37:59,117.0
2015-08-03T15:56:04,133.0
2015-08-03T16:06:02,151.0
2015-08-03T16:08:47,153.0
2015-08-03T16:33:38,118.0
2015-08-03T16:43:33,124.0
2015-08-03T17:04:31,124.0
2015-08-03T17:49:35,124.0
2015-08-03T17:56:49,91.0
2015-08-03T18:02:26,113.0
2015-08-03T18:12:27,119.0
2015-08-03T18:17:33,138.0
2015-08-03T18:45:55,125.0
2015-08-03T18:56:49,76.0
2015-08-03T19:10:57,79.0
2015-08-03T20:09:50,78.0
2015-08-03T20:10:00,157.0
2015-08-03T20:05:47,123.0
2015-08-03T20:52:52,166.0
2015-08-03T21:50:49,127.0
2015-08-03T22:06:41,88.0
2015-08-03T22:36:50,93.0
2015-08-03T22:53:53,77.0
2015-08-03T23:23:44,115.0
2015-08-03T23:50:45,103.0
2015-08-03T00:39:39,98.0
2015-08-03T02:21:40,88.0
2015-08-03T03:55:39,140.0
2015-08-03T05:21:40,121.0
2015-08-03T06:59:00,117.0
2015-08-03T07:12:13,89.0
2015-08-03T07:20:48,97.0
2015-08-03T07:45:58,156.0
2015-08-03T07:52:55,92.0
2015-08-03T08:02:30,141.0
2015-08-03T08:42:10,91.0
2015-08-03T08:59:56,99.0
2015-08-03T09:09:01,124.0
2015-08-03T09:15:49,82.0
2015-08-03T09:24:48,62.0
2015-08-03T09:58:42,134.0
2015-08-03T10:05:06,145.0
2015-08-03T10:12:44,118.0
2015-08-04T11:08:59,132.0
2015-08-04T11:21:45,132.0
2015-08-04T11:27:59,116.0
2015-08-04T11:33:47,124.0
2015-08-04T11:46:48,171.0
2015-08-04T12:01:14,123.0
2015-08-04T12:14:00,130.0
2015-08-04T12:27:52,123.0
2015-08-04T12:44:47,148.0
2015-08-04T13:13:29,151.0
2015-08-04T13:36:49,140.0
2015-08-04T13:37:20,160.0
2015-08-04T13:51:50,109.0
2015-08-04T14:07:54,134.0
2015-08-04T14:23:46,133.0
2015-08-04T14:41:51,124.0
2015-08-04T14:58:49,138.0
2015-08-04T15:29:48,64.0
2015-08-04T15:33:49,169.0
2015-08-04T15:40:53,141.0
2015-08-04T15:48:50,122.0
2015-08-04T16:01:54,73.0
2015-08-04T16:05:37,127.0
2015-08-04T16:12:38,95.0
2015-08-04T16:20:38,151.0
2015-08-04T16:43:32,65.0
2015-08-04T17:02:46,146.0
2015-08-04T17:14:43,132.0
2015-08-04T17:43:36,118.0
2015-08-04T17:52:37,76.0
2015-08-04T18:00:40,79.0
2015-08-04T18:07:05,156.0
2015-08-04T18:17:46,24.0
2015-08-04T18:21:42,27.0
2015-08-04T18:30:31,115.0
2015-08-04T18:33:01,85.0
2015-08-04T19:02:49,140.0
2015-08-04T19:12:12,153.0
2015-08-04T19:27:37,70.0
2015-08-04T19:52:47,84.0
2015-08-04T20:01:55,162.0
2015-08-04T20:09:46,115.0
2015-08-04T20:27:46,122.0
2015-08-04T20:35:49,71.0
2015-08-04T20:45:54,105.0
2015-08-04T21:53:52,150.0
2015-08-04T22:06:48,126.0
2015-08-04T22:25:45,10.0
2015-08-04T22:52:48,63.0
2015-08-04T23:36:44,102.0
2015-08-04T23:51:47,113.0
2015-08-04T00:18:50,69.0
2015-08-04T00:40:54,98.0
2015-08-04T01:17:49,146.0
2015-08-04T01:51:50,84.0
2015-08-04T02:21:52,94.0
2015-08-04T02:48:48,96.0
2015-08-04T03:20:40,63.0
2015-08-04T03:51:47,144.0
2015-08-04T04:19:57,132.0
2015-08-04T04:51:39,89.0
2015-08-04T05:21:46,142.0
2015-08-04T05:48:22,134.0
2015-08-04T06:54:56,97.0
2015-08-04T07:09:24,61.0
2015-08-04T07:18:53,97.0
2015-08-04T07:32:14,96.0
2015-08-04T07:52:54,93.0
2015-08-04T08:05:04,98.0
2015-08-04T08:21:00,95.0
2015-08-04T08:51:59,161.0
2015-08-04T09:10:54,115.0
2015-08-04T09:17:50,62.0
2015-08-04T09:27:01,83.0
2015-08-04T09:36:49,120.0
2015-08-04T09:52:04,78.0
2015-08-04T10:05:02,150.0
2015-08-04T10:14:50,133.0
2015-08-04T10:32:00,135.0
2015-08-05T12:05:47,73.0
2015-08-05T12:10:53,183.0
2015-08-05T12:39:51,125.0
2015-08-05T12:43:00,89.0
2015-08-05T14:08:46,131.0
2015-08-05T14:17:51,123.0
2015-08-05T14:23:04,86.0
2015-08-05T15:00:10,145.0
2015-08-05T15:55:51,137.0
2015-08-05T16:20:48,148.0
2015-08-05T16:34:47,122.0
2015-08-05T16:47:40,139.0
2015-08-05T16:42:42,14.0
2015-08-05T17:13:44,90.0
2015-08-05T18:15:29,76.0
2015-08-05T18:34:49,121.0
2015-08-05T18:47:02,134.0
2015-08-05T18:59:45,130.0
2015-08-05T19:27:00,124.0
2015-08-05T20:33:49,191.0
2015-08-05T20:44:57,174.0
2015-08-05T20:53:12,88.0
2015-08-05T22:09:55,125.0
2015-08-05T22:37:44,127.0
2015-08-05T23:47:55,73.0
2015-08-05T00:06:48,136.0
2015-08-05T00:39:52,142.0
2015-08-05T01:17:52,114.0
2015-08-05T02:23:53,120.0
2015-08-05T02:51:49,247.0
2015-08-05T03:50:51,122.0
2015-08-05T04:20:43,142.0
2015-08-05T05:20:46,108.0
2015-08-05T05:48:46,128.0
2015-08-05T06:09:51,145.0
2015-08-05T07:44:17,94.0
2015-08-05T07:52:03,49.0
2015-08-05T08:15:54,95.0
2015-08-05T08:21:59,155.0
2015-08-05T09:56:43,131.0
2015-08-05T09:58:59,118.0
2015-08-05T10:30:52,123.0
2015-08-05T10:34:41,146.0
2015-08-06T10:52:54,130.0
2015-08-06T11:34:07,137.0
2015-08-06T12:09:47,137.0
2015-08-06T12:36:02,129.0
2015-08-06T13:08:01,121.0
2015-08-06T13:24:47,243.0
2015-08-06T13:47:46,129.0
2015-08-06T14:18:41,124.0
2015-08-06T14:37:44,136.0
2015-08-06T14:53:43,120.0
2015-08-06T15:13:49,122.0
2015-08-06T15:40:50,176.0
2015-08-06T16:03:53,111.0
2015-08-06T16:06:34,131.0
2015-08-06T16:34:34,133.0
2015-08-06T16:50:40,90.0
2015-08-06T17:05:38,130.0
2015-08-06T17:35:38,160.0
2015-08-06T17:47:38,142.0
2015-08-06T18:17:31,128.0
2015-08-06T18:24:36,131.0
2015-08-06T18:49:46,162.0
2015-08-06T19:06:53,136.0
2015-08-06T19:24:44,158.0
2015-08-06T19:46:03,143.0
2015-08-06T20:03:53,124.0
2015-08-06T20:23:43,126.0
2015-08-06T20:53:46,120.0
2015-08-06T21:09:43,90.0
2015-08-06T21:36:47,128.0
2015-08-06T22:09:47,74.0
2015-08-06T23:25:20,63.0
2015-08-06T00:18:39,93.0
2015-08-06T01:19:53,134.0
2015-08-06T01:50:38,61.0
2015-08-06T02:48:53,123.0
2015-08-06T03:22:48,124.0
2015-08-06T04:20:44,118.0
2015-08-06T04:48:36,61.0
2015-08-06T05:48:46,197.0
2015-08-06T06:05:41,114.0
2015-08-06T06:41:04,100.0
2015-08-06T06:55:01,107.0
2015-08-06T07:19:52,94.0
2015-08-06T07:44:52,97.0
2015-08-06T08:12:55,109.0
2015-08-06T08:50:07,104.0
2015-08-06T08:57:07,59.0
2015-08-06T09:26:51,135.0
2015-08-06T09:56:50,78.0
2015-08-06T10:29:51,133.0
2015-08-07T10:45:41,58.0
2015-08-07T10:58:52,126.0
2015-08-07T11:27:51,188.0
2015-08-07T11:58:45,136.0
2015-08-07T12:32:50,106.0
2015-08-07T12:56:27,56.0
2015-08-07T13:06:44,82.0
2015-08-07T13:46:01,124.0
2015-08-07T14:07:52,114.0
2015-08-07T14:42:07,91.0
2015-08-07T15:06:38,56.0
2015-08-07T15:14:48,131.0
2015-08-07T15:23:48,141.0
2015-08-07T15:55:49,119.0
2015-08-07T16:19:49,112.0
2015-08-07T16:31:37,57.0
2015-08-07T17:03:28,124.0
2015-08-07T17:21:12,43.0
2015-08-07T17:44:29,81.0
2015-08-07T18:03:33,127.0
2015-08-07T18:34:42,117.0
2015-08-07T18:43:49,86.0
2015-08-07T19:10:45,117.0
2015-08-07T19:35:32,88.0
2015-08-07T19:56:00,90.0
2015-08-07T20:09:28,55.0
2015-08-07T20:47:56,87.0
2015-08-07T21:43:44,67.0
2015-08-07T21:56:46,70.0
2015-08-07T22:39:53,75.0
2015-08-07T23:00:47,122.0
2015-08-07T23:24:55,145.0
2015-08-07T23:40:37,129.0
2015-08-07T06:25:54,78.0
2015-08-07T06:42:56,109.0
2015-08-07T07:09:03,96.0
2015-08-07T08:05:57,98.0
2015-08-07T08:32:00,151.0
2015-08-07T08:47:29,68.0
2015-08-07T08:55:53,99.0
2015-08-07T09:13:57,121.0
2015-08-07T09:48:51,131.0
2015-08-07T10:13:48,123.0
2015-08-08T11:01:58,140.0
2015-08-08T11:42:46,125.0
2015-08-08T12:20:44,79.0
2015-08-08T12:32:02,139.0
2015-08-08T12:42:46,133.0
2015-08-08T13:09:59,75.0
2015-08-08T13:44:48,165.0
2015-08-08T13:54:43,136.0
2015-08-08T14:33:46,121.0
2015-08-08T14:45:49,110.0
2015-08-08T14:51:47,131.0
2015-08-08T15:12:58,127.0
2015-08-08T15:44:44,122.0
2015-08-08T16:06:52,129.0
2015-08-08T16:43:46,127.0
2015-08-08T16:56:45,66.0
2015-08-08T17:05:47,140.0
2015-08-08T17:21:52,76.0
2015-08-08T17:51:58,134.0
2015-08-08T18:51:50,119.0
2015-08-08T18:59:46,137.0
2015-08-08T19:13:47,134.0
2015-08-08T19:35:55,120.0
2015-08-08T19:50:47,119.0
2015-08-08T20:53:49,81.0
2015-08-08T21:06:50,135.0
2015-08-08T21:48:50,119.0
2015-08-08T22:41:58,88.0
2015-08-08T22:54:42,123.0
2015-08-08T23:41:58,129.0
2015-08-08T00:19:46,110.0
2015-08-08T00:43:51,77.0
2015-08-08T00:59:33,181.0
2015-08-08T01:49:55,121.0
2015-08-08T02:21:43,106.0
2015-08-08T03:21:51,113.0
2015-08-08T03:49:53,102.0
2015-08-08T04:52:49,65.0
2015-08-08T05:16:48,99.0
2015-08-08T06:39:09,111.0
2015-08-08T07:01:42,79.0
2015-08-08T08:23:55,79.0
2015-08-08T08:44:47,57.0
2015-08-08T08:55:52,90.0
2015-08-08T09:40:46,96.0
2015-08-08T10:16:52,117.0
2015-08-08T10:30:47,117.0
2015-08-09T10:50:39,135.0
2015-08-09T10:58:48,77.0
2015-08-09T11:10:52,112.0
2015-08-09T11:42:51,121.0
2015-08-09T12:20:41,105.0
2015-08-09T12:30:55,88.0
2015-08-09T12:55:53,230.0
2015-08-09T13:00:56,130.0
2015-08-09T13:15:57,124.0
2015-08-09T13:35:52,97.0
2015-08-09T13:59:39,120.0
2015-08-09T14:35:55,177.0
2015-08-09T14:42:50,168.0
2015-08-09T15:04:49,121.0
2015-08-09T15:12:50,128.0
2015-08-09T15:21:00,126.0
2015-08-09T15:45:07,127.0
2015-08-09T16:04:52,140.0
2015-08-09T16:44:05,114.0
2015-08-09T16:51:39,136.0
2015-08-09T17:14:04,169.0
2015-08-09T17:21:57,136.0
2015-08-09T17:34:02,23.0
2015-08-09T17:56:49,151.0
2015-08-09T18:13:57,132.0
2015-08-09T18:50:10,137.0
2015-08-09T19:00:39,176.0
2015-08-09T19:18:46,126.0
2015-08-09T19:30:50,77.0
2015-08-09T19:41:00,145.0
2015-08-09T19:47:50,134.0
2015-08-09T20:11:54,102.0
2015-08-09T20:48:06,83.0
2015-08-09T21:14:39,69.0
2015-08-09T21:27:49,90.0
2015-08-09T21:42:58,139.0
2015-08-09T22:00:51,72.0
2015-08-09T22:36:57,110.0
2015-08-09T22:56:41,67.0
2015-08-09T23:08:41,119.0
2015-08-09T23:21:53,145.0
2015-08-09T23:36:50,38.0
2015-08-09T00:20:40,66.0
2015-08-09T00:42:55,105.0
2015-08-09T01:49:48,71.0
2015-08-09T02:24:50,89.0
2015-08-09T03:20:48,132.0
2015-08-09T03:48:21,92.0
2015-08-09T04:50:41,107.0
2015-08-09T05:18:51,122.0
2015-08-09T06:38:47,107.0
2015-08-09T07:21:54,112.0
2015-08-09T08:22:51,99.0
2015-08-09T08:54:47,97.0
2015-08-09T09:11:55,83.0
2015-08-09T09:37:51,160.0
2015-08-09T10:15:48,81.0
2015-08-09T10:26:57,73.0
2015-08-10T11:06:54,137.0
2015-08-10T11:15:23,115.0
2015-08-10T11:20:52,133.0
2015-08-10T11:35:32,60.0
2015-08-10T12:01:58,135.0
2015-08-10T12:16:47,165.0
2015-08-10T12:29:52,75.0
2015-08-10T13:14:51,147.0
2015-08-10T13:25:47,127.0
2015-08-10T13:34:56,115.0
2015-08-10T13:48:51,140.0
2015-08-10T14:14:56,150.0
2015-08-10T14:26:59,129.0
2015-08-10T14:42:46,109.0
2015-08-10T15:34:52,129.0
2015-08-10T15:38:47,123.0
2015-08-10T15:43:52,60.0
2015-08-10T16:07:45,120.0
2015-08-10T16:34:30,122.0
2015-08-10T16:44:31,141.0
2015-08-10T16:57:29,117.0
2015-08-10T17:49:30,124.0
2015-08-10T17:53:42,130.0
2015-08-10T18:02:57,92.0
2015-08-10T18:19:54,168.0
2015-08-10T18:49:02,146.0
2015-08-10T18:55:46,139.0
2015-08-10T19:10:47,127.0
2015-08-10T19:56:41,109.0
2015-08-10T20:09:48,98.0
2015-08-10T20:52:48,164.0
2015-08-10T22:52:55,93.0
2015-08-10T23:52:49,70.0
2015-08-10T00:19:04,84.0
2015-08-10T00:40:36,77.0
2015-08-10T00:58:00,107.0
2015-08-10T01:50:54,71.0
2015-08-10T02:21:47,105.0
2015-08-10T03:20:59,75.0
2015-08-10T03:51:52,97.0
2015-08-10T04:50:58,80.0
2015-08-10T05:20:53,129.0
2015-08-10T06:55:52,119.0
2015-08-10T07:10:03,110.0
2015-08-10T07:20:55,88.0
2015-08-10T07:48:53,97.0
2015-08-10T08:04:51,153.0
2015-08-10T08:39:00,92.0
2015-08-10T08:55:56,93.0
2015-08-10T09:06:52,118.0
2015-08-10T09:14:48,119.0
2015-08-10T09:25:02,30.0
2015-08-10T10:01:51,126.0
2015-08-10T10:03:49,120.0
2015-08-10T10:12:46,59.0
2015-08-11T11:17:47,112.0
2015-08-11T11:46:55,85.0
2015-08-11T11:56:42,125.0
2015-08-11T12:17:49,234.0
2015-08-11T12:26:59,131.0
2015-08-11T12:45:57,148.0
2015-08-11T13:29:38,103.0
2015-08-11T14:01:45,97.0
2015-08-11T14:10:56,81.0
2015-08-11T14:24:42,132.0
2015-08-11T14:44:51,154.0
2015-08-11T14:59:07,169.0
2015-08-11T15:27:48,120.0
2015-08-11T15:39:43,128.0
2015-08-11T16:10:47,144.0
2015-08-11T16:22:43,150.0
2015-08-11T16:30:36,121.0
2015-08-11T16:43:29,135.0
2015-08-11T17:00:57,104.0
2015-08-11T17:14:36,134.0
2015-08-11T17:37:35,129.0
2015-08-11T17:54:42,90.0
2015-08-11T18:25:29,81.0
2015-08-11T18:35:06,140.0
2015-08-11T19:03:02,80.0
2015-08-11T19:04:41,128.0
2015-08-11T19:13:49,118.0
2015-08-11T19:28:02,131.0
2015-08-11T19:49:53,117.0
2015-08-11T20:32:44,122.0
2015-08-11T20:44:44,126.0
2015-08-11T21:54:40,78.0
2015-08-11T22:20:51,127.0
2015-08-11T22:37:43,124.0
2015-08-11T22:56:49,121.0
2015-08-11T23:34:42,144.0
2015-08-11T23:56:52,137.0
2015-08-11T00:40:53,154.0
2015-08-11T01:24:54,75.0
2015-08-11T02:20:55,144.0
2015-08-11T02:50:54,132.0
2015-08-11T03:52:57,339.0
2015-08-11T04:21:52,73.0
2015-08-11T05:20:47,129.0
2015-08-11T05:47:51,125.0
2015-08-11T07:30:57,96.0
2015-08-11T07:53:54,93.0
2015-08-11T08:05:07,68.0
2015-08-11T08:23:03,120.0
2015-08-11T08:40:54,108.0
2015-08-11T09:10:43,124.0
2015-08-11T09:31:48,121.0
2015-08-11T09:47:55,127.0
2015-08-11T10:06:50,122.0
2015-08-11T10:14:50,129.0
2015-08-11T10:40:47,190.0
2015-08-12T11:05:43,116.0
2015-08-12T11:44:57,1706.0
2015-08-12T11:18:42,66.0
2015-08-12T11:24:41,110.0
2015-08-12T12:03:19,148.0
2015-08-12T12:31:58,149.0
2015-08-12T12:37:48,132.0
2015-08-12T13:04:55,146.0
2015-08-12T13:18:51,132.0
2015-08-12T13:28:41,122.0
2015-08-12T13:39:41,118.0
2015-08-12T14:04:09,130.0
2015-08-12T14:29:01,83.0
2015-08-12T14:47:56,132.0
2015-08-12T14:52:00,79.0
2015-08-12T15:13:58,130.0
2015-08-12T15:37:54,120.0
2015-08-12T15:39:54,117.0
2015-08-12T15:49:58,82.0
2015-08-12T16:21:34,119.0
2015-08-12T16:27:31,160.0
2015-08-12T16:50:48,155.0
2015-08-12T16:57:50,83.0
2015-08-12T17:16:29,118.0
2015-08-12T17:30:37,114.0
2015-08-12T17:52:31,128.0
2015-08-12T18:02:26,100.0
2015-08-12T18:03:59,95.0
2015-08-12T18:39:56,75.0
2015-08-12T18:45:52,134.0
2015-08-12T19:00:51,57.0
2015-08-12T19:17:00,145.0
2015-08-12T19:25:44,166.0
2015-08-12T19:41:37,127.0
2015-08-12T20:07:46,127.0
2015-08-12T20:10:22,110.0
2015-08-12T20:39:51,113.0
2015-08-12T21:05:57,92.0
2015-08-12T21:28:50,90.0
2015-08-12T22:51:42,140.0
2015-08-12T23:07:42,93.0
2015-08-12T00:18:43,69.0
2015-08-12T00:33:58,136.0
2015-08-12T01:19:44,60.0
2015-08-12T01:50:42,61.0
2015-08-12T02:27:24,54.0
2015-08-12T02:50:52,220.0
2015-08-12T03:20:45,65.0
2015-08-12T03:46:56,129.0
2015-08-12T04:21:44,71.0
2015-08-12T04:49:44,68.0
2015-08-12T05:19:45,61.0
2015-08-12T05:45:46,66.0
2015-08-12T06:08:49,93.0
2015-08-12T06:41:19,114.0
2015-08-12T06:56:55,97.0
2015-08-12T07:09:27,69.0
2015-08-12T10:13:57,115.0
2015-08-13T10:42:47,115.0
2015-08-13T11:10:44,108.0
2015-08-13T11:17:39,115.0
2015-08-13T11:34:02,143.0
2015-08-13T12:44:49,188.0
2015-08-13T12:54:52,128.0
2015-08-13T13:16:49,125.0
2015-08-13T13:24:21,166.0
2015-08-13T13:50:47,75.0
2015-08-13T14:58:50,115.0
2015-08-13T15:05:50,122.0
2015-08-13T15:31:43,122.0
2015-08-13T15:39:48,129.0
2015-08-13T15:58:50,127.0
2015-08-13T16:07:50,208.0
2015-08-13T16:33:28,132.0
2015-08-13T17:15:44,133.0
2015-08-13T17:20:34,127.0
2015-08-13T17:52:29,137.0
2015-08-13T17:54:29,119.0
2015-08-13T18:17:35,134.0
2015-08-13T18:21:32,106.0
2015-08-13T18:48:44,87.0
2015-08-13T19:31:54,137.0
2015-08-13T19:34:52,133.0
2015-08-13T20:03:59,80.0
2015-08-13T20:27:52,128.0
2015-08-13T21:38:46,120.0
2015-08-13T22:06:53,145.0
2015-08-13T22:52:51,139.0
2015-08-13T23:26:50,107.0
2015-08-13T00:39:56,135.0
2015-08-13T02:23:47,105.0
2015-08-13T03:51:51,124.0
2015-08-13T05:23:48,114.0
2015-08-13T06:28:50,119.0
2015-08-13T06:54:52,91.0
2015-08-13T07:18:08,106.0
2015-08-13T08:21:06,60.0
2015-08-13T08:43:11,176.0
2015-08-13T09:04:54,128.0
2015-08-13T09:06:43,121.0
2015-08-13T09:23:57,121.0
2015-08-13T10:32:55,123.0
2015-08-14T10:54:47,132.0
2015-08-14T11:09:56,118.0
2015-08-14T11:39:50,119.0
2015-08-14T11:45:44,109.0
2015-08-14T12:01:42,139.0
2015-08-14T12:10:53,137.0
2015-08-14T12:17:43,237.0
2015-08-14T13:06:50,81.0
2015-08-14T13:15:56,121.0
2015-08-14T13:53:46,129.0
2015-08-14T14:08:48,126.0
2015-08-14T14:09:47,72.0
2015-08-14T14:14:53,75.0
2015-08-14T14:23:43,117.0
2015-08-14T15:15:14,91.0
2015-08-14T15:31:02,134.0
2015-08-14T16:00:02,134.0
2015-08-14T16:05:48,212.0
2015-08-14T16:14:30,73.0
2015-08-14T16:15:32,77.0
2015-08-14T16:31:35,136.0
2015-08-14T16:34:43,163.0
2015-08-14T16:43:30,126.0
2015-08-14T17:38:38,222.0
2015-08-14T17:53:54,136.0
2015-08-14T18:26:28,121.0
2015-08-14T18:26:32,122.0
2015-08-14T18:28:27,120.0
2015-08-14T18:38:59,156.0
2015-08-14T18:46:42,165.0
2015-08-14T18:47:52,168.0
2015-08-14T19:01:43,121.0
2015-08-14T19:46:43,118.0
2015-08-14T19:57:59,133.0
2015-08-14T20:31:46,133.0
2015-08-14T20:33:58,144.0
2015-08-14T20:44:42,136.0
2015-08-14T20:52:48,125.0
2015-08-14T22:14:48,64.0
2015-08-14T22:23:58,139.0
2015-08-14T22:40:46,86.0
2015-08-14T22:53:28,60.0
2015-08-14T23:59:41,60.0
2015-08-14T00:41:40,154.0
2015-08-14T00:57:45,102.0
2015-08-14T02:06:39,90.0
2015-08-14T02:20:39,108.0
2015-08-14T03:22:51,116.0
2015-08-14T03:49:42,95.0
2015-08-14T04:52:45,187.0
2015-08-14T05:22:43,74.0
2015-08-14T06:42:55,97.0
2015-08-14T06:56:08,28.0
2015-08-14T07:18:52,133.0
2015-08-14T07:31:52,115.0
2015-08-14T07:45:50,90.0
2015-08-14T07:51:10,129.0
2015-08-14T08:40:59,60.0
2015-08-14T08:46:54,91.0
2015-08-14T08:54:39,68.0
2015-08-14T09:23:54,89.0
2015-08-14T09:34:46,148.0
2015-08-14T09:46:51,120.0
2015-08-14T09:57:50,138.0
2015-08-14T10:09:47,120.0
2015-08-15T11:12:03,119.0
2015-08-15T11:22:53,122.0
2015-08-15T11:37:25,87.0
2015-08-15T11:53:17,92.0
2015-08-15T12:02:13,139.0
2015-08-15T13:12:59,169.0
2015-08-15T13:23:56,65.0
2015-08-15T13:32:44,121.0
2015-08-15T14:00:48,157.0
2015-08-15T14:27:54,140.0
2015-08-15T14:18:55,65.0
2015-08-15T15:25:02,138.0
2015-08-15T15:34:02,136.0
2015-08-15T15:42:41,167.0
2015-08-15T15:53:46,113.0
2015-08-15T16:21:00,80.0
2015-08-15T16:22:11,138.0
2015-08-15T17:33:47,119.0
2015-08-15T17:49:51,118.0
2015-08-15T17:51:52,130.0
2015-08-15T18:40:55,128.0
2015-08-15T18:26:47,111.0
2015-08-15T19:44:02,83.0
2015-08-15T19:50:55,127.0
2015-08-15T20:26:05,36.0
2015-08-15T21:31:57,141.0
2015-08-15T21:45:50,151.0
2015-08-15T22:10:56,111.0
2015-08-15T22:49:50,70.0
2015-08-15T23:23:52,71.0
2015-08-15T23:37:56,128.0
2015-08-15T00:05:42,118.0
2015-08-15T00:23:41,91.0
2015-08-15T00:37:46,97.0
2015-08-15T01:22:47,49.0
2015-08-15T01:48:46,108.0
2015-08-15T02:21:44,106.0
2015-08-15T02:52:52,115.0
2015-08-15T03:21:58,68.0
2015-08-15T04:18:51,73.0
2015-08-15T04:51:51,78.0
2015-08-15T05:47:49,76.0
2015-08-15T06:19:41,92.0
2015-08-15T07:22:45,144.0
2015-08-15T07:41:48,85.0
2015-08-15T07:51:31,92.0
2015-08-15T08:07:54,88.0
2015-08-15T09:11:45,126.0
2015-08-15T09:31:56,127.0
2015-08-15T09:53:46,134.0
2015-08-15T10:04:17,100.0
2015-08-16T10:53:04,147.0
2015-08-16T11:55:09,165.0
2015-08-16T12:54:58,121.0
2015-08-16T14:16:07,131.0
2015-08-16T14:22:05,30.0
2015-08-16T15:08:49,129.0
2015-08-16T17:32:14,92.0
2015-08-16T18:55:55,150.0
2015-08-16T19:00:08,148.0
2015-08-16T19:17:53,125.0
2015-08-16T19:30:01,146.0
2015-08-16T20:42:57,109.0
2015-08-16T20:47:49,61.0
2015-08-16T21:07:50,119.0
2015-08-16T21:16:46,142.0
2015-08-16T22:23:44,134.0
2015-08-16T22:34:48,136.0
2015-08-16T23:07:49,129.0
2015-08-16T00:40:49,82.0
2015-08-16T01:03:47,118.0
2015-08-16T02:20:49,80.0
2015-08-16T03:52:52,101.0
2015-08-16T05:22:52,154.0
2015-08-16T06:58:49,128.0
2015-08-16T08:09:57,137.0
2015-08-16T08:43:45,115.0
2015-08-16T10:07:00,126.0
2015-08-17T11:33:57,104.0
2015-08-17T11:45:57,71.0
2015-08-17T12:05:01,146.0
2015-08-17T12:24:55,76.0
2015-08-17T13:34:47,120.0
2015-08-17T13:56:57,94.0
2015-08-17T14:14:43,142.0
2015-08-17T14:34:47,148.0
2015-08-17T14:40:49,121.0
2015-08-17T15:52:45,120.0
2015-08-17T16:14:31,170.0
2015-08-17T16:26:33,156.0
2015-08-17T16:36:55,152.0
2015-08-17T16:48:30,156.0
2015-08-17T17:01:37,121.0
2015-08-17T18:11:49,140.0
2015-08-17T18:27:41,140.0
2015-08-17T18:47:46,119.0
2015-08-17T18:49:40,145.0
2015-08-17T19:06:47,77.0
2015-08-17T19:11:51,129.0
2015-08-17T20:19:47,121.0
2015-08-17T20:32:43,71.0
2015-08-17T20:53:51,112.0
2015-08-17T21:07:22,60.0
2015-08-17T22:01:44,119.0
2015-08-17T22:26:43,112.0
2015-08-17T23:51:52,134.0
2015-08-17T00:04:57,123.0
2015-08-17T00:25:53,137.0
2015-08-17T01:48:44,72.0
2015-08-17T03:21:38,340.0
2015-08-17T04:50:10,101.0
2015-08-17T07:12:35,73.0
2015-08-17T07:41:55,93.0
2015-08-17T08:08:54,154.0
2015-08-17T09:23:55,140.0
2015-08-17T09:35:48,147.0
2015-08-17T09:58:59,124.0
2015-08-17T10:14:52,125.0
2015-08-18T10:43:15,97.0
2015-08-18T10:55:48,166.0
2015-08-18T11:08:50,84.0
2015-08-18T11:25:54,100.0
2015-08-18T11:50:01,140.0
2015-08-18T12:55:48,130.0
2015-08-18T13:06:51,147.0
2015-08-18T13:14:04,125.0
2015-08-18T13:33:53,122.0
2015-08-18T13:59:52,136.0
2015-08-18T15:04:54,125.0
2015-08-18T15:14:50,66.0
2015-08-18T15:39:42,30.0
2015-08-18T15:47:47,121.0
2015-08-18T16:01:45,58.0
2015-08-18T16:11:38,83.0
2015-08-18T17:23:48,81.0
2015-08-18T17:29:54,83.0
2015-08-18T17:49:36,131.0
2015-08-18T18:07:33,161.0
2015-08-18T18:12:39,193.0
2015-08-18T18:30:38,70.0
2015-08-18T19:43:47,122.0
2015-08-18T19:48:59,89.0
2015-08-18T20:06:48,127.0
2015-08-18T20:10:10,103.0
2015-08-18T20:25:53,110.0
2015-08-18T20:35:02,85.0
2015-08-18T21:50:51,109.0
2015-08-18T22:05:52,162.0
2015-08-18T22:21:52,149.0
2015-08-18T22:38:43,86.0
2015-08-18T22:49:45,146.0
2015-08-18T23:28:46,65.0
2015-08-18T00:05:44,68.0
2015-08-18T01:20:49,135.0
2015-08-18T02:50:46,155.0
2015-08-18T04:24:48,99.0
2015-08-18T05:48:46,136.0
2015-08-18T06:27:46,119.0
2015-08-18T06:44:21,122.0
2015-08-18T06:57:01,92.0
2015-08-18T07:10:58,67.0
2015-08-18T07:36:56,95.0
2015-08-18T08:33:07,110.0
2015-08-18T08:43:02,165.0
2015-08-18T08:53:13,156.0
2015-08-18T08:57:04,149.0
2015-08-18T09:20:00,121.0
2015-08-18T09:37:04,82.0
2015-08-19T11:28:07,199.0
2015-08-19T11:47:54,123.0
2015-08-19T12:05:46,71.0
2015-08-19T12:36:41,126.0
2015-08-19T12:44:42,120.0
2015-08-19T13:35:04,96.0
2015-08-19T13:55:52,181.0
2015-08-19T14:15:11,152.0
2015-08-19T14:35:57,28.0
2015-08-19T14:52:46,126.0
2015-08-19T14:58:41,69.0
2015-08-19T15:56:43,136.0
2015-08-19T16:16:35,127.0
2015-08-19T16:34:33,136.0
2015-08-19T16:48:38,135.0
2015-08-19T17:10:36,98.0
2015-08-19T17:14:27,149.0
2015-08-19T18:01:52,86.0
2015-08-19T18:29:31,127.0
2015-08-19T19:00:51,125.0
2015-08-19T19:05:51,106.0
2015-08-19T19:23:54,141.0
2015-08-19T19:26:48,132.0
2015-08-19T20:12:47,83.0
2015-08-19T20:34:53,71.0
2015-08-19T20:51:43,126.0
2015-08-19T21:08:31,60.0
2015-08-19T21:27:57,139.0
2015-08-19T22:28:42,75.0
2015-08-19T23:07:54,142.0
2015-08-19T23:55:52,131.0
2015-08-19T00:02:25,60.0
2015-08-19T00:19:50,90.0
2015-08-19T00:36:27,60.0
2015-08-19T01:07:49,74.0
2015-08-19T01:51:43,124.0
2015-08-19T02:17:51,149.0
2015-08-19T03:46:53,160.0
2015-08-19T05:17:47,90.0
2015-08-19T06:08:49,95.0
2015-08-19T07:30:32,120.0
2015-08-19T07:46:00,89.0
2015-08-19T08:16:45,168.0
2015-08-19T08:23:08,98.0
2015-08-19T09:21:45,120.0
2015-08-19T09:31:49,121.0
2015-08-19T09:51:59,139.0
2015-08-19T10:24:49,88.0
2015-08-19T10:33:49,122.0
2015-08-20T10:45:43,74.0
2015-08-20T11:09:08,141.0
2015-08-20T11:27:42,131.0
2015-08-20T11:44:50,123.0
2015-08-20T12:08:11,148.0
2015-08-20T12:16:42,123.0
2015-08-20T12:37:48,133.0
2015-08-20T12:55:39,179.0
2015-08-20T13:10:55,89.0
2015-08-20T13:33:03,102.0
2015-08-20T13:58:05,134.0
2015-08-20T14:15:56,126.0
2015-08-20T14:27:46,68.0
2015-08-20T14:52:51,128.0
2015-08-20T15:05:47,136.0
2015-08-20T15:22:04,188.0
2015-08-20T15:36:27,102.0
2015-08-20T16:05:32,70.0
2015-08-20T16:17:32,122.0
2015-08-20T16:35:35,169.0
2015-08-20T16:45:29,122.0
2015-08-20T17:20:42,185.0
2015-08-20T17:21:35,130.0
2015-08-20T17:47:50,104.0
2015-08-20T17:56:45,136.0
2015-08-20T18:25:57,127.0
2015-08-20T18:22:40,136.0
2015-08-20T18:27:32,112.0
2015-08-20T18:54:48,117.0
2015-08-20T18:59:01,38.0
2015-08-20T19:25:57,86.0
2015-08-20T19:42:55,135.0
2015-08-20T19:53:46,119.0
2015-08-20T19:59:48,123.0
2015-08-20T20:12:50,142.0
2015-08-20T20:22:54,89.0
2015-08-20T20:26:16,89.0
2015-08-20T20:56:52,146.0
2015-08-20T21:35:00,146.0
2015-08-20T21:38:55,72.0
2015-08-20T21:54:46,139.0
2015-08-20T22:09:47,135.0
2015-08-20T22:24:44,116.0
2015-08-20T22:36:53,74.0
2015-08-20T22:53:47,124.0
2015-08-20T23:16:49,131.0
2015-08-20T23:23:50,73.0
2015-08-20T23:34:47,75.0
2015-08-20T01:16:01,75.0
2015-08-20T02:52:42,60.0
2015-08-20T04:22:46,74.0
2015-08-20T05:49:43,62.0
2015-08-20T06:08:56,152.0
2015-08-20T06:26:14,91.0
2015-08-20T06:55:57,85.0
2015-08-20T07:11:04,60.0
2015-08-20T07:34:53,108.0
2015-08-20T07:42:02,94.0
2015-08-20T07:54:46,92.0
2015-08-20T08:16:57,107.0
2015-08-20T08:30:56,108.0
2015-08-20T08:56:52,89.0
2015-08-20T09:15:43,125.0
2015-08-20T09:32:08,174.0
2015-08-20T10:03:35,60.0
2015-08-20T10:24:45,176.0
2015-08-21T10:42:44,130.0
2015-08-21T12:22:57,65.0
2015-08-21T12:41:04,72.0
2015-08-21T12:50:08,186.0
2015-08-21T12:55:58,139.0
2015-08-21T14:30:55,139.0
2015-08-21T14:49:51,140.0
2015-08-21T14:59:44,141.0
2015-08-21T15:08:51,107.0
2015-08-21T15:31:47,121.0
2015-08-21T15:59:50,122.0
2015-08-21T16:33:33,129.0
2015-08-21T16:49:36,129.0
2015-08-21T17:16:38,135.0
2015-08-21T17:17:06,171.0
2015-08-21T17:22:39,139.0
2015-08-21T17:42:35,169.0
2015-08-21T18:22:37,125.0
2015-08-21T18:47:39,123.0
2015-08-21T19:04:49,132.0
2015-08-21T19:22:55,133.0
2015-08-21T19:26:53,85.0
2015-08-21T19:42:01,135.0
2015-08-21T19:58:51,125.0
2015-08-21T20:24:50,65.0
2015-08-21T21:30:57,88.0
2015-08-21T21:54:56,123.0
2015-08-21T21:49:45,120.0
2015-08-21T22:07:48,59.0
2015-08-21T22:52:47,101.0
2015-08-21T23:11:55,184.0
2015-08-21T23:28:51,98.0
2015-08-21T23:35:51,76.0
2015-08-21T23:55:57,93.0
2015-08-21T00:02:48,122.0
2015-08-21T00:19:29,104.0
2015-08-21T00:40:07,61.0
2015-08-21T01:07:50,99.0
2015-08-21T01:51:46,100.0
2015-08-21T02:23:49,120.0
2015-08-21T03:21:48,122.0
2015-08-21T03:49:46,108.0
2015-08-21T04:50:41,60.0
2015-08-21T05:19:53,69.0
2015-08-21T06:13:47,116.0
2015-08-21T06:25:54,131.0
2015-08-21T07:50:56,102.0
2015-08-21T08:15:59,90.0
2015-08-21T08:20:08,110.0
2015-08-21T08:34:05,117.0
2015-08-21T10:02:39,60.0
2015-08-21T10:25:02,127.0
2015-08-21T10:35:42,123.0
2015-08-22T10:48:59,143.0
2015-08-22T11:11:52,67.0
2015-08-22T11:35:43,154.0
2015-08-22T11:55:21,92.0
2015-08-22T12:31:51,175.0
2015-08-22T12:51:04,88.0
2015-08-22T13:14:54,124.0
2015-08-22T13:47:00,127.0
2015-08-22T13:48:51,126.0
2015-08-22T14:05:46,66.0
2015-08-22T14:43:55,118.0
2015-08-22T15:02:02,85.0
2015-08-22T15:24:06,87.0
2015-08-22T16:05:48,115.0
2015-08-22T16:16:59,91.0
2015-08-22T16:57:43,124.0
2015-08-22T17:10:57,130.0
2015-08-22T17:36:44,88.0
2015-08-22T17:57:52,125.0
2015-08-22T18:02:50,77.0
2015-08-22T18:21:42,128.0
2015-08-22T18:58:57,85.0
2015-08-22T19:20:51,136.0
2015-08-22T19:37:44,123.0
2015-08-22T19:49:54,138.0
2015-08-22T19:58:47,135.0
2015-08-22T20:26:54,92.0
2015-08-22T21:16:44,141.0
2015-08-22T21:34:45,97.0
2015-08-22T21:45:50,132.0
2015-08-22T22:10:43,136.0
2015-08-22T23:05:52,127.0
2015-08-22T23:20:38,116.0
2015-08-22T23:39:46,156.0
2015-08-22T23:56:54,136.0
2015-08-22T00:44:49,148.0
2015-08-22T01:12:47,144.0
2015-08-22T01:22:40,105.0
2015-08-22T02:23:40,90.0
2015-08-22T02:49:50,110.0
2015-08-22T03:51:46,106.0
2015-08-22T04:20:01,94.0
2015-08-22T05:19:41,71.0
2015-08-22T05:48:45,65.0
2015-08-22T06:16:56,91.0
2015-08-22T06:38:51,101.0
2015-08-22T07:20:44,64.0
2015-08-22T07:39:44,150.0
2015-08-22T07:52:45,117.0
2015-08-22T08:23:44,112.0
2015-08-22T09:09:56,76.0
2015-08-22T09:23:50,89.0
2015-08-22T09:49:46,119.0
2015-08-22T10:26:51,133.0
2015-08-23T10:38:42,139.0
2015-08-23T10:58:59,69.0
2015-08-23T11:22:43,138.0
2015-08-23T11:39:53,73.0
2015-08-23T11:53:58,80.0
2015-08-23T12:39:42,114.0
2015-08-23T13:25:56,71.0
2015-08-23T13:58:02,189.0
2015-08-23T14:09:24,152.0
2015-08-23T14:54:39,132.0
2015-08-23T15:35:38,141.0
2015-08-23T16:03:37,60.0
2015-08-23T16:18:48,90.0
2015-08-23T17:07:43,175.0
2015-08-23T17:43:44,65.0
2015-08-23T18:10:47,63.0
2015-08-23T18:20:47,132.0
2015-08-23T19:16:50,129.0
2015-08-23T20:11:00,120.0
2015-08-23T20:20:50,113.0
2015-08-23T21:11:50,161.0
2015-08-23T21:59:49,60.0
2015-08-23T22:10:14,147.0
2015-08-23T22:51:46,126.0
2015-08-23T23:52:53,93.0
2015-08-23T00:57:50,88.0
2015-08-23T01:34:06,84.0
2015-08-23T02:51:56,121.0
2015-08-23T04:18:55,121.0
2015-08-23T05:48:54,114.0
2015-08-23T06:15:53,60.0
2015-08-23T06:59:41,162.0
2015-08-23T07:55:46,106.0
2015-08-23T08:39:24,60.0
2015-08-23T08:57:51,62.0
2015-08-23T09:37:49,141.0
2015-08-23T09:50:01,89.0
2015-08-24T11:12:47,131.0
2015-08-24T12:06:57,191.0
2015-08-24T12:25:47,134.0
2015-08-24T12:36:54,137.0
2015-08-24T13:29:18,87.0
2015-08-24T14:14:46,128.0
2015-08-24T14:38:43,62.0
2015-08-24T14:40:52,120.0
2015-08-24T14:50:53,194.0
2015-08-24T15:23:00,132.0
2015-08-24T15:40:37,115.0
2015-08-24T16:32:30,80.0
2015-08-24T16:49:39,162.0
2015-08-24T17:00:24,60.0
2015-08-24T17:09:36,128.0
2015-08-24T17:20:01,1304.0
2015-08-24T17:42:44,164.0
2015-08-24T17:56:36,65.0
2015-08-24T18:42:43,120.0
2015-08-24T18:45:48,124.0
2015-08-24T19:03:54,33.0
2015-08-24T19:11:53,133.0
2015-08-24T19:19:56,84.0
2015-08-24T19:37:41,123.0
2015-08-24T19:51:53,134.0
2015-08-24T20:53:42,77.0
2015-08-24T21:07:46,150.0
2015-08-24T21:26:50,97.0
2015-08-24T21:45:38,116.0
2015-08-24T21:52:50,91.0
2015-08-24T22:37:49,126.0
2015-08-24T23:06:50,86.0
2015-08-24T23:24:40,63.0
2015-08-24T23:35:44,80.0
2015-08-24T23:49:55,131.0
2015-08-24T00:38:25,60.0
2015-08-24T01:20:52,139.0
2015-08-24T02:20:42,130.0
2015-08-24T02:49:53,162.0
2015-08-24T03:53:44,107.0
2015-08-24T04:19:52,283.0
2015-08-24T05:20:42,123.0
2015-08-24T05:47:58,131.0
2015-08-24T06:07:50,106.0
2015-08-24T07:48:27,131.0
2015-08-24T08:08:16,117.0
2015-08-24T08:10:59,145.0
2015-08-24T09:06:40,120.0
2015-08-24T09:54:46,123.0
2015-08-24T10:15:47,141.0
2015-08-24T10:23:46,121.0
2015-08-25T11:26:51,87.0
2015-08-25T11:33:45,119.0
2015-08-25T11:49:57,120.0
2015-08-25T12:07:16,157.0
2015-08-25T12:14:55,81.0
2015-08-25T13:37:38,139.0
2015-08-25T13:39:58,135.0
2015-08-25T14:00:25,148.0
2015-08-25T14:16:51,144.0
2015-08-25T14:23:46,147.0
2015-08-25T15:22:46,131.0
2015-08-25T15:47:08,127.0
2015-08-25T16:00:42,124.0
2015-08-25T16:03:48,116.0
2015-08-25T16:15:42,86.0
2015-08-25T16:31:44,84.0
2015-08-25T16:36:38,157.0
2015-08-25T16:48:24,60.0
2015-08-25T17:38:32,80.0
2015-08-25T18:04:38,125.0
2015-08-25T18:18:30,114.0
2015-08-25T18:22:50,128.0
2015-08-25T18:26:28,121.0
2015-08-25T18:42:38,120.0
2015-08-25T19:04:54,154.0
2015-08-25T18:57:00,72.0
2015-08-25T19:50:39,139.0
2015-08-25T20:10:03,150.0
2015-08-25T20:27:40,174.0
2015-08-25T20:29:44,122.0
2015-08-25T20:53:46,127.0
2015-08-25T21:53:46,159.0
2015-08-25T22:13:02,6.0
2015-08-25T22:21:56,80.0
2015-08-25T22:36:44,80.0
2015-08-25T23:35:45,118.0
2015-08-25T23:53:51,128.0
2015-08-25T23:59:53,155.0
2015-08-25T00:18:41,94.0
2015-08-25T00:59:52,132.0
2015-08-25T01:20:56,75.0
2015-08-25T01:50:43,65.0
2015-08-25T02:50:47,100.0
2015-08-25T03:20:41,62.0
2015-08-25T04:21:51,134.0
2015-08-25T04:49:46,65.0
2015-08-25T05:48:50,61.0
2015-08-25T07:15:21,139.0
2015-08-25T07:19:51,86.0
2015-08-25T07:34:26,90.0
2015-08-25T07:45:49,92.0
2015-08-25T07:56:47,91.0
2015-08-25T09:15:48,129.0
2015-08-25T09:22:57,78.0
2015-08-25T09:32:44,99.0
2015-08-25T09:57:48,136.0
2015-08-25T10:01:42,123.0
2015-08-26T10:53:03,31.0
2015-08-26T11:33:10,143.0
2015-08-26T11:45:47,134.0
2015-08-26T11:53:47,163.0
2015-08-26T12:11:01,134.0
2015-08-26T12:45:01,80.0
2015-08-26T13:11:48,120.0
2015-08-26T13:47:55,128.0
2015-08-26T13:56:49,124.0
2015-08-26T14:07:04,144.0
2015-08-26T13:56:57,76.0
2015-08-26T14:58:46,116.0
2015-08-26T15:16:54,24.0
2015-08-26T16:06:11,104.0
2015-08-26T16:10:49,129.0
2015-08-26T16:25:48,36.0
2015-08-26T17:20:37,65.0
2015-08-26T18:06:48,129.0
2015-08-26T18:21:37,128.0
2015-08-26T18:31:42,143.0
2015-08-26T18:32:57,136.0
2015-08-26T19:26:48,144.0
2015-08-26T20:33:54,73.0
2015-08-26T20:42:57,28.0
2015-08-26T22:22:54,76.0
2015-08-26T23:51:50,113.0
2015-08-26T00:18:47,90.0
2015-08-26T01:20:57,150.0
2015-08-26T01:49:41,63.0
2015-08-26T02:53:48,146.0
2015-08-26T03:20:37,60.0
2015-08-26T04:19:52,84.0
2015-08-26T04:48:43,65.0
2015-08-26T05:48:49,122.0
2015-08-26T06:43:49,99.0
2015-08-26T07:21:10,80.0
2015-08-26T07:29:58,108.0
2015-08-26T07:49:58,101.0
2015-08-26T08:28:00,112.0
2015-08-26T08:53:53,91.0
2015-08-26T09:23:50,118.0
2015-08-26T09:32:47,70.0
2015-08-26T09:43:00,81.0
2015-08-26T10:00:06,81.0
2015-08-26T10:32:46,129.0
2015-08-27T11:07:45,127.0
2015-08-27T11:24:45,124.0
2015-08-27T12:15:49,109.0
2015-08-27T13:11:45,120.0
2015-08-27T13:35:45,128.0
2015-08-27T14:15:51,139.0
2015-08-27T14:58:52,125.0
2015-08-27T14:37:43,194.0
2015-08-27T15:32:15,91.0
2015-08-27T15:33:52,133.0
2015-08-27T15:50:45,132.0
2015-08-27T15:57:09,100.0
2015-08-27T16:21:34,150.0
2015-08-27T16:27:48,90.0
2015-08-27T16:49:25,123.0
2015-08-27T17:42:40,122.0
2015-08-27T17:54:42,155.0
2015-08-27T18:18:40,117.0
2015-08-27T18:20:31,122.0
2015-08-27T18:40:03,145.0
2015-08-27T18:47:51,126.0
2015-08-27T19:13:04,181.0
2015-08-27T19:53:04,132.0
2015-08-27T20:01:42,120.0
2015-08-27T20:19:47,127.0
2015-08-27T20:24:52,74.0
2015-08-27T20:43:51,159.0
2015-08-27T21:10:00,27.0
2015-08-27T21:53:48,153.0
2015-08-27T22:06:48,109.0
2015-08-27T22:36:53,90.0
2015-08-27T23:34:57,152.0
2015-08-27T23:53:46,61.0
2015-08-27T01:20:46,75.0
2015-08-27T02:49:55,90.0
2015-08-27T04:21:50,69.0
2015-08-27T05:47:51,161.0
2015-08-27T06:55:50,99.0
2015-08-27T07:11:10,100.0
2015-08-27T07:48:23,116.0
2015-08-27T08:45:02,156.0
2015-08-27T08:59:11,35.0
2015-08-27T09:16:49,122.0
2015-08-27T09:44:48,65.0
2015-08-27T09:57:51,153.0
2015-08-28T11:24:01,185.0
2015-08-28T11:49:09,193.0
2015-08-28T12:24:59,71.0
2015-08-28T12:54:48,162.0
2015-08-28T13:28:52,80.0
2015-08-28T14:53:56,138.0
2015-08-28T15:00:55,138.0
2015-08-28T15:28:47,121.0
2015-08-28T15:39:05,129.0
2015-08-28T15:53:46,112.0
2015-08-28T16:43:49,94.0
2015-08-28T17:06:32,136.0
2015-08-28T17:19:54,81.0
2015-08-28T17:40:35,136.0
2015-08-28T17:54:51,136.0
2015-08-28T18:14:36,80.0
2015-08-28T18:44:50,137.0
2015-08-28T19:14:56,71.0
2015-08-28T19:29:57,84.0
2015-08-28T19:52:59,95.0
2015-08-28T20:21:54,75.0
2015-08-28T21:53:50,161.0
2015-08-28T22:12:50,90.0
2015-08-28T22:56:51,67.0
2015-08-28T23:37:26,60.0
2015-08-28T00:18:46,72.0
2015-08-28T01:18:55,121.0
2015-08-28T01:50:56,71.0
2015-08-28T02:51:53,120.0
2015-08-28T03:20:48,64.0
2015-08-28T04:18:39,98.0
2015-08-28T04:51:48,101.0
2015-08-28T05:49:46,122.0
2015-08-28T07:33:06,128.0
2015-08-28T08:04:11,132.0
2015-08-28T08:30:03,142.0
2015-08-28T09:13:49,128.0
2015-08-28T09:32:45,123.0
2015-08-28T10:13:56,132.0
2015-08-28T10:33:51,121.0
2015-08-29T10:41:49,58.0
2015-08-29T11:11:42,137.0
2015-08-29T11:23:54,165.0
2015-08-29T11:29:47,165.0
2015-08-29T12:41:58,80.0
2015-08-29T13:14:46,73.0
2015-08-29T13:26:58,84.0
2015-08-29T13:43:40,120.0
2015-08-29T13:49:48,181.0
2015-08-29T14:59:03,88.0
2015-08-29T15:19:45,101.0
2015-08-29T15:21:49,126.0
2015-08-29T15:41:59,129.0
2015-08-29T15:46:41,74.0
2015-08-29T15:51:47,70.0
2015-08-29T17:04:51,92.0
2015-08-29T17:23:05,91.0
2015-08-29T17:32:43,126.0
2015-08-29T17:44:53,134.0
2015-08-29T17:53:44,137.0
2015-08-29T17:59:49,157.0
2015-08-29T19:10:52,143.0
2015-08-29T19:33:55,84.0
2015-08-29T19:45:36,115.0
2015-08-29T19:51:45,68.0
2015-08-29T20:01:52,275.0
2015-08-29T21:10:46,120.0
2015-08-29T21:28:56,94.0
2015-08-29T21:46:41,123.0
2015-08-29T22:58:45,128.0
2015-08-29T23:24:55,131.0
2015-08-29T23:41:41,121.0
2015-08-29T00:41:47,68.0
2015-08-29T07:03:46,157.0
2015-08-29T07:20:50,96.0
2015-08-29T07:35:47,108.0
2015-08-29T09:18:25,182.0
2015-08-29T08:59:46,67.0
2015-08-29T09:07:50,79.0
2015-08-29T09:24:54,129.0
2015-08-30T10:38:54,84.0
2015-08-30T10:51:58,129.0
2015-08-30T10:59:43,126.0
2015-08-30T11:51:47,135.0
2015-08-30T12:10:57,122.0
2015-08-30T12:33:08,131.0
2015-08-30T12:39:50,174.0
2015-08-30T12:51:49,141.0
2015-08-30T13:07:45,126.0
2015-08-30T13:34:04,90.0
2015-08-30T14:01:42,120.0
2015-08-30T14:21:51,80.0
2015-08-30T14:45:06,133.0
2015-08-30T14:57:48,119.0
2015-08-30T15:03:50,117.0
2015-08-30T15:17:42,223.0
2015-08-30T15:46:45,130.0
2015-08-30T16:15:05,148.0
2015-08-30T16:33:57,153.0
2015-08-30T16:50:53,66.0
2015-08-30T17:01:10,90.0
2015-08-30T17:22:51,95.0
2015-08-30T17:23:23,64.0
2015-08-30T17:53:51,146.0
2015-08-30T18:20:51,130.0
2015-08-30T18:48:44,67.0
2015-08-30T18:59:46,125.0
2015-08-30T19:10:50,64.0
2015-08-30T19:22:56,132.0
2015-08-30T19:28:45,62.0
2015-08-30T19:48:46,133.0
2015-08-30T20:22:56,82.0
2015-08-30T20:36:47,96.0
2015-08-30T21:09:48,122.0
2015-08-30T21:21:48,59.0
2015-08-30T21:45:50,133.0
2015-08-30T22:10:52,144.0
2015-08-30T22:21:45,132.0
2015-08-30T22:37:30,102.0
2015-08-30T23:11:50,127.0
2015-08-30T23:36:41,158.0
2015-08-30T00:45:46,97.0
2015-08-30T01:00:48,122.0
2015-08-30T01:32:52,129.0
2015-08-30T02:25:48,90.0
2015-08-30T02:50:51,74.0
2015-08-30T03:49:55,60.0
2015-08-30T04:20:46,95.0
2015-08-30T05:17:53,101.0
2015-08-30T05:47:42,30.0
2015-08-30T06:38:51,103.0
2015-08-30T07:04:52,142.0
2015-08-30T08:24:03,134.0
2015-08-30T08:40:51,126.0
2015-08-30T08:58:45,106.0
2015-08-30T10:34:52,95.0
2015-08-20T15:45:54,174.0
2015-08-27T15:43:59,79.0
2015-07-06T22:04:02,61.0
2015-07-07T10:47:45,129.0
2015-07-09T21:53:50,121.0
2015-07-10T22:00:42,138.0
2015-07-13T22:02:50,85.0
2015-07-14T10:45:04,142.0
2015-07-14T21:53:50,132.0
2015-07-15T10:43:56,75.0
2015-07-16T21:54:49,122.0
2015-07-17T10:47:53,139.0
2015-07-17T21:56:50,140.0
2015-07-20T21:55:00,101.0
2015-07-22T21:54:11,75.0
2015-07-23T10:42:59,146.0
2015-07-24T21:53:54,129.0
2015-07-01T19:51:53,149.0
2015-07-01T21:23:58,178.0
2015-07-01T22:53:53,70.0
2015-07-02T19:55:04,144.0
2015-07-03T01:15:28,141.0
2015-07-03T01:36:48,59.0
2015-07-05T22:41:55,154.0
2015-07-05T01:39:27,155.0
2015-07-06T20:08:46,172.0
2015-07-06T22:48:57,71.0
2015-07-06T01:23:56,122.0
2015-07-07T22:52:48,90.0
2015-07-07T01:34:43,97.0
2015-07-08T19:53:55,76.0
2015-07-08T01:34:47,80.0
2015-07-09T18:57:44,121.0
2015-07-09T22:52:51,119.0
2015-07-10T01:14:50,136.0
2015-07-11T01:15:46,137.0
2015-07-11T01:34:40,60.0
2015-07-12T19:28:54,89.0
2015-07-13T18:49:56,87.0
2015-07-13T19:55:50,156.0
2015-07-13T21:20:58,108.0
2015-07-13T01:26:55,175.0
2015-07-13T01:41:44,113.0
2015-07-14T21:21:43,60.0
2015-07-14T22:51:54,131.0
2015-07-15T18:58:11,46.0
2015-07-15T01:14:51,65.0
2015-07-16T18:55:49,30.0
2015-07-17T20:06:53,156.0
2015-07-17T21:21:53,141.0
2015-07-18T01:15:55,120.0
2015-07-19T22:45:43,60.0
2015-07-19T01:36:23,155.0
2015-07-19T01:38:46,123.0
2015-07-20T01:43:06,83.0
2015-07-21T19:59:05,196.0
2015-07-21T21:20:54,107.0
2015-07-21T22:44:58,89.0
2015-07-21T01:47:50,62.0
2015-07-22T19:54:50,126.0
2015-07-22T21:21:53,117.0
2015-07-23T19:08:48,19.0
2015-07-23T23:01:02,134.0
2015-07-24T18:53:38,48.0
2015-07-24T22:58:51,74.0
2015-07-24T01:33:26,68.0
2015-07-25T19:38:52,149.0
2015-07-26T22:35:43,47.0
2015-07-27T20:02:41,109.0
2015-07-27T01:40:33,51.0
2015-07-01T11:05:45,175.0
2015-07-01T11:17:47,84.0
2015-07-01T12:12:54,120.0
2015-07-01T12:33:46,122.0
2015-07-01T13:19:59,184.0
2015-07-01T13:27:44,61.0
2015-07-01T14:14:54,136.0
2015-07-01T14:33:03,80.0
2015-07-01T14:43:54,90.0
2015-07-01T15:14:39,123.0
2015-07-01T15:42:47,135.0
2015-07-01T16:25:41,152.0
2015-07-01T16:35:25,160.0
2015-07-01T16:49:52,120.0
2015-07-01T16:59:33,74.0
2015-07-01T17:24:35,72.0
2015-07-01T17:57:46,131.0
2015-07-01T18:49:51,105.0
2015-07-01T18:49:42,85.0
2015-07-01T19:11:04,159.0
2015-07-01T19:10:57,85.0
2015-07-01T19:39:44,82.0
2015-07-01T19:36:44,49.0
2015-07-01T20:53:43,162.0
2015-07-01T21:22:58,154.0
2015-07-01T21:40:50,91.0
2015-07-01T22:36:28,60.0
2015-07-01T22:52:44,77.0
2015-07-01T23:21:43,65.0
2015-07-01T23:51:43,71.0
2015-07-01T06:42:52,98.0
2015-07-01T07:45:16,111.0
2015-07-01T08:04:58,151.0
2015-07-01T08:54:26,102.0
2015-07-01T09:08:53,118.0
2015-07-01T09:56:48,123.0
2015-07-01T10:17:01,119.0
2015-07-02T11:01:50,79.0
2015-07-02T11:41:52,153.0
2015-07-02T11:44:47,153.0
2015-07-02T12:05:57,89.0
2015-07-02T12:23:23,156.0
2015-07-02T12:24:51,127.0
2015-07-02T13:20:53,112.0
2015-07-02T13:48:00,141.0
2015-07-02T13:58:08,99.0
2015-07-02T14:31:57,134.0
2015-07-02T14:29:56,174.0
2015-07-02T14:42:46,148.0
2015-07-02T15:23:51,164.0
2015-07-02T15:41:46,129.0
2015-07-02T15:56:49,119.0
2015-07-02T16:02:44,46.0
2015-07-02T16:10:43,127.0
2015-07-02T16:36:29,198.0
2015-07-02T16:47:28,123.0
2015-07-02T17:03:35,126.0
2015-07-02T17:43:36,124.0
2015-07-02T17:52:47,152.0
2015-07-02T18:16:30,125.0
2015-07-02T18:24:34,184.0
2015-07-02T18:27:49,130.0
2015-07-02T18:46:44,135.0
2015-07-02T19:03:51,131.0
2015-07-02T19:12:47,123.0
2015-07-02T19:53:52,140.0
2015-07-02T20:06:46,74.0
2015-07-02T20:24:42,110.0
2015-07-02T20:31:04,156.0
2015-07-02T20:52:49,106.0
2015-07-02T21:52:51,128.0
2015-07-02T22:05:50,132.0
2015-07-02T22:23:49,127.0
2015-07-02T22:52:53,137.0
2015-07-02T23:36:53,87.0
2015-07-02T23:52:49,75.0
2015-07-02T00:18:41,93.0
2015-07-02T00:40:44,100.0
2015-07-02T01:18:43,116.0
2015-07-02T01:50:41,63.0
2015-07-02T02:21:44,75.0
2015-07-02T02:49:43,113.0
2015-07-02T03:20:43,78.0
2015-07-02T03:49:58,109.0
2015-07-02T04:21:39,85.0
2015-07-02T04:51:44,72.0
2015-07-02T05:20:59,46.0
2015-07-02T05:45:48,79.0
2015-07-02T07:19:06,111.0
2015-07-02T07:32:57,85.0
2015-07-02T07:44:54,151.0
2015-07-02T08:35:58,901.0
2015-07-02T07:58:02,91.0
2015-07-02T09:01:54,138.0
2015-07-02T09:29:52,63.0
2015-07-02T09:32:54,89.0
2015-07-02T09:57:46,126.0
2015-07-02T10:02:48,72.0
2015-07-02T10:12:51,115.0
2015-07-03T10:38:53,140.0
2015-07-03T11:29:51,131.0
2015-07-03T11:53:52,127.0
2015-07-03T12:19:58,156.0
2015-07-03T12:56:59,92.0
2015-07-03T12:45:50,130.0
2015-07-03T13:28:54,119.0
2015-07-03T13:36:16,153.0
2015-07-03T14:06:00,127.0
2015-07-03T14:24:00,72.0
2015-07-03T15:07:50,153.0
2015-07-03T15:03:49,119.0
2015-07-03T15:39:42,122.0
2015-07-03T15:51:43,57.0
2015-07-03T16:22:36,104.0
2015-07-03T16:33:34,109.0
2015-07-03T16:45:13,161.0
2015-07-03T17:21:37,136.0
2015-07-03T17:18:32,144.0
2015-07-03T17:54:45,83.0
2015-07-03T18:05:28,140.0
2015-07-03T18:35:05,172.0
2015-07-03T18:44:40,71.0
2015-07-03T18:55:55,71.0
2015-07-03T19:35:53,130.0
2015-07-03T19:32:56,96.0
2015-07-03T20:09:55,88.0
2015-07-03T23:53:54,72.0
2015-07-03T00:04:55,101.0
2015-07-03T00:41:59,120.0
2015-07-03T01:17:42,76.0
2015-07-03T02:22:46,98.0
2015-07-03T02:49:52,97.0
2015-07-03T03:49:45,76.0
2015-07-03T04:20:51,125.0
2015-07-03T05:22:53,124.0
2015-07-03T05:46:52,82.0
2015-07-03T06:28:49,141.0
2015-07-03T07:09:07,99.0
2015-07-03T08:32:59,143.0
2015-07-03T09:15:51,122.0
2015-07-03T09:43:05,80.0
2015-07-03T10:02:50,119.0
2015-07-03T10:43:52,133.0
2015-07-04T10:49:45,115.0
2015-07-04T10:57:48,83.0
2015-07-04T11:28:00,124.0
2015-07-04T12:13:46,79.0
2015-07-04T12:50:49,113.0
2015-07-04T13:06:48,104.0
2015-07-04T13:28:45,116.0
2015-07-04T14:21:59,87.0
2015-07-04T15:01:54,89.0
2015-07-04T15:20:48,77.0
2015-07-04T15:31:45,107.0
2015-07-04T16:35:42,116.0
2015-07-04T17:10:45,119.0
2015-07-04T17:22:47,73.0
2015-07-04T17:42:54,68.0
2015-07-04T18:44:51,110.0
2015-07-04T19:17:54,102.0
2015-07-04T19:29:53,83.0
2015-07-04T20:32:51,99.0
2015-07-04T21:12:43,116.0
2015-07-04T22:26:43,79.0
2015-07-04T23:15:53,148.0
2015-07-04T08:58:44,107.0
2015-07-05T10:37:46,127.0
2015-07-05T10:46:55,70.0
2015-07-05T11:35:38,121.0
2015-07-05T12:20:53,93.0
2015-07-05T12:40:52,119.0
2015-07-05T12:50:51,107.0
2015-07-05T13:26:42,137.0
2015-07-05T14:33:59,85.0
2015-07-05T14:59:45,116.0
2015-07-05T15:02:00,118.0
2015-07-05T15:33:51,120.0
2015-07-05T16:44:55,75.0
2015-07-05T17:09:54,86.0
2015-07-05T17:10:44,176.0
2015-07-05T17:31:41,72.0
2015-07-05T18:53:52,121.0
2015-07-05T19:17:57,85.0
2015-07-05T19:19:01,90.0
2015-07-05T19:37:45,128.0
2015-07-05T20:45:52,158.0
2015-07-05T21:01:57,97.0
2015-07-05T21:13:54,120.0
2015-07-05T23:06:56,71.0
2015-07-05T00:04:55,103.0
2015-07-05T07:13:56,95.0
2015-07-05T07:37:52,124.0
2015-07-05T07:30:39,105.0
2015-07-05T08:38:56,98.0
2015-07-05T09:23:40,137.0
2015-07-05T09:13:52,126.0
2015-07-05T10:13:44,70.0
2015-07-06T11:04:59,162.0
2015-07-06T11:15:45,76.0
2015-07-06T11:26:56,79.0
2015-07-06T11:35:41,123.0
2015-07-06T11:54:56,127.0
2015-07-06T12:06:50,120.0
2015-07-06T12:49:45,130.0
2015-07-06T13:18:46,90.0
2015-07-06T13:24:43,113.0
2015-07-06T13:40:49,118.0
2015-07-06T13:50:55,73.0
2015-07-06T14:04:54,131.0
2015-07-06T14:14:57,78.0
2015-07-06T14:36:54,127.0
2015-07-06T15:04:50,164.0
2015-07-06T15:36:09,135.0
2015-07-06T15:37:52,103.0
2015-07-06T15:49:52,107.0
2015-07-06T16:01:47,109.0
2015-07-06T16:04:46,126.0
2015-07-06T16:17:36,121.0
2015-07-06T16:24:30,149.0
2015-07-06T16:33:33,124.0
2015-07-06T16:50:37,125.0
2015-07-06T17:19:27,64.0
2015-07-06T17:55:36,75.0
2015-07-06T17:58:41,123.0
2015-07-06T18:07:42,97.0
2015-07-06T18:11:44,124.0
2015-07-06T18:17:33,122.0
2015-07-06T18:34:48,129.0
2015-07-06T18:45:49,75.0
2015-07-06T18:47:57,109.0
2015-07-06T19:05:59,93.0
2015-07-06T19:30:03,77.0
2015-07-06T20:00:46,167.0
2015-07-06T20:09:51,127.0
2015-07-06T20:20:48,68.0
2015-07-06T20:40:48,128.0
2015-07-06T20:52:44,116.0
2015-07-06T21:09:00,131.0
2015-07-06T22:06:44,124.0
2015-07-06T06:56:00,102.0
2015-07-06T07:12:52,89.0
2015-07-06T07:19:50,103.0
2015-07-06T07:47:10,60.0
2015-07-06T08:21:51,98.0
2015-07-06T08:57:59,142.0
2015-07-06T09:08:05,86.0
2015-07-06T09:17:50,123.0
2015-07-06T09:27:44,145.0
2015-07-06T09:51:57,74.0
2015-07-06T09:55:58,131.0
2015-07-06T10:33:38,122.0
2015-07-07T11:32:48,119.0
2015-07-07T11:55:53,77.0
2015-07-07T12:08:13,151.0
2015-07-07T12:24:47,135.0
2015-07-07T12:27:02,85.0
2015-07-07T14:02:50,126.0
2015-07-07T14:15:44,88.0
2015-07-07T14:17:05,105.0
2015-07-07T14:25:53,75.0
2015-07-07T14:35:48,122.0
2015-07-07T14:44:51,149.0
2015-07-07T15:29:54,89.0
2015-07-07T16:12:37,121.0
2015-07-07T16:27:13,100.0
2015-07-07T16:34:37,167.0
2015-07-07T16:46:32,74.0
2015-07-07T17:02:33,171.0
2015-07-07T17:07:36,134.0
2015-07-07T17:37:43,88.0
2015-07-07T18:26:36,91.0
2015-07-07T18:35:52,92.0
2015-07-07T18:47:50,128.0
2015-07-07T18:55:50,78.0
2015-07-07T19:03:44,80.0
2015-07-07T19:10:48,135.0
2015-07-07T19:50:58,151.0
2015-07-07T20:42:49,97.0
2015-07-07T20:52:54,152.0
2015-07-07T21:52:53,125.0
2015-07-07T22:52:41,120.0
2015-07-07T23:36:53,155.0
2015-07-07T07:19:51,89.0
2015-07-07T07:48:51,98.0
2015-07-07T07:51:54,94.0
2015-07-07T08:04:02,90.0
2015-07-07T08:41:58,158.0
2015-07-07T09:24:47,124.0
2015-07-07T09:43:44,127.0
2015-07-07T10:01:55,138.0
2015-07-07T10:03:03,80.0
2015-07-07T10:12:51,117.0
2015-07-08T10:56:43,134.0
2015-07-08T11:38:04,134.0
2015-07-08T11:58:19,105.0
2015-07-08T12:24:50,131.0
2015-07-08T13:09:50,107.0
2015-07-08T13:47:46,152.0
2015-07-08T14:06:45,190.0
2015-07-08T14:37:52,74.0
2015-07-08T14:41:53,131.0
2015-07-08T15:09:50,67.0
2015-07-08T16:01:52,184.0
2015-07-08T16:18:30,124.0
2015-07-08T16:25:33,132.0
2015-07-08T17:05:41,135.0
2015-07-08T17:29:44,143.0
2015-07-08T18:17:37,72.0
2015-07-08T18:33:49,113.0
2015-07-08T18:44:34,60.0
2015-07-08T19:09:52,75.0
2015-07-08T19:40:49,142.0
2015-07-08T20:41:58,91.0
2015-07-08T23:54:48,120.0
2015-07-08T00:38:47,129.0
2015-07-08T02:22:59,129.0
2015-07-08T03:50:47,164.0
2015-07-08T05:20:51,121.0
2015-07-08T06:43:54,126.0
2015-07-08T07:19:52,96.0
2015-07-08T08:01:07,97.0
2015-07-08T08:49:20,133.0
2015-07-08T09:31:01,145.0
2015-07-08T09:43:52,94.0
2015-07-08T10:24:50,139.0
2015-07-09T11:03:01,142.0
2015-07-09T11:06:42,131.0
2015-07-09T11:28:50,129.0
2015-07-09T11:48:11,110.0
2015-07-09T11:56:51,78.0
2015-07-09T12:34:57,130.0
2015-07-09T12:45:50,76.0
2015-07-09T13:12:51,67.0
2015-07-09T13:25:49,174.0
2015-07-09T13:35:41,114.0
2015-07-09T13:55:00,135.0
2015-07-09T14:04:04,81.0
2015-07-09T14:50:56,122.0
2015-07-09T14:58:46,166.0
2015-07-09T15:24:20,115.0
2015-07-09T15:31:03,128.0
2015-07-09T15:40:47,79.0
2015-07-09T15:48:18,90.0
2015-07-09T16:08:56,93.0
2015-07-09T16:10:40,80.0
2015-07-09T16:21:37,90.0
2015-07-09T17:11:31,126.0
2015-07-09T17:14:27,130.0
2015-07-09T17:41:32,134.0
2015-07-09T17:48:36,120.0
2015-07-09T17:54:27,132.0
2015-07-09T18:02:30,122.0
2015-07-09T18:22:46,92.0
2015-07-09T18:34:46,131.0
2015-07-09T18:35:49,128.0
2015-07-09T19:29:52,160.0
2015-07-09T19:30:58,119.0
2015-07-09T19:53:50,156.0
2015-07-09T20:00:55,80.0
2015-07-09T20:11:52,124.0
2015-07-09T20:36:50,149.0
2015-07-09T20:45:53,149.0
2015-07-09T21:32:47,136.0
2015-07-09T21:52:48,85.0
2015-07-09T22:28:42,154.0
2015-07-09T22:36:50,75.0
2015-07-09T22:54:50,73.0
2015-07-09T23:09:48,148.0
2015-07-09T23:35:50,108.0
2015-07-09T23:55:48,131.0
2015-07-09T01:21:45,101.0
2015-07-09T02:50:52,225.0
2015-07-09T04:22:47,123.0
2015-07-09T05:49:43,125.0
2015-07-09T06:07:48,124.0
2015-07-09T06:55:04,86.0
2015-07-09T07:09:52,92.0
2015-07-09T07:20:53,103.0
2015-07-09T07:32:07,94.0
2015-07-09T08:12:05,61.0
2015-07-09T08:22:50,84.0
2015-07-09T09:01:54,84.0
2015-07-09T09:06:56,127.0
2015-07-09T09:22:18,89.0
2015-07-09T09:28:46,122.0
2015-07-09T09:33:46,126.0
2015-07-09T09:40:43,60.0
2015-07-09T10:24:46,75.0
2015-07-09T10:32:46,111.0
2015-07-10T10:43:04,163.0
2015-07-10T11:05:50,131.0
2015-07-10T11:25:50,123.0
2015-07-10T11:40:58,138.0
2015-07-10T12:13:39,119.0
2015-07-10T12:27:01,132.0
2015-07-10T12:54:56,76.0
2015-07-10T13:13:04,158.0
2015-07-10T13:39:51,80.0
2015-07-10T13:46:51,144.0
2015-07-10T14:25:53,162.0
2015-07-10T14:41:48,135.0
2015-07-10T15:13:12,134.0
2015-07-10T15:31:01,77.0
2015-07-10T15:48:51,123.0
2015-07-10T15:55:55,127.0
2015-07-10T16:09:49,141.0
2015-07-10T16:31:33,114.0
2015-07-10T16:50:33,91.0
2015-07-10T17:12:34,186.0
2015-07-10T17:27:48,130.0
2015-07-10T17:50:38,169.0
2015-07-10T18:02:29,68.0
2015-07-10T18:19:36,124.0
2015-07-10T18:21:39,118.0
2015-07-10T18:48:55,119.0
2015-07-10T19:03:55,185.0
2015-07-10T19:14:47,151.0
2015-07-10T19:39:07,136.0
2015-07-10T20:01:56,84.0
2015-07-10T20:13:45,73.0
2015-07-10T20:26:55,131.0
2015-07-10T21:48:25,20.0
2015-07-10T22:14:47,130.0
2015-07-10T22:40:43,116.0
2015-07-10T22:57:48,137.0
2015-07-10T23:28:57,85.0
2015-07-10T00:04:47,120.0
2015-07-10T00:19:39,119.0
2015-07-10T00:39:43,79.0
2015-07-10T01:19:39,60.0
2015-07-10T01:50:48,70.0
2015-07-10T02:21:39,105.0
2015-07-10T02:50:51,117.0
2015-07-10T03:21:51,122.0
2015-07-10T03:51:38,74.0
2015-07-10T04:18:58,127.0
2015-07-10T04:50:41,62.0
2015-07-10T05:22:44,89.0
2015-07-10T05:49:51,127.0
2015-07-10T06:25:41,70.0
2015-07-10T06:54:49,86.0
2015-07-10T07:12:14,102.0
2015-07-10T07:21:59,93.0
2015-07-10T07:49:53,90.0
2015-07-10T08:03:57,87.0
2015-07-10T08:30:04,97.0
2015-07-10T08:59:49,143.0
2015-07-10T09:15:46,131.0
2015-07-10T09:25:45,124.0
2015-07-10T10:03:48,146.0
2015-07-10T10:19:51,152.0
2015-07-11T11:00:48,145.0
2015-07-11T11:47:50,108.0
2015-07-11T12:34:05,38.0
2015-07-11T13:09:48,136.0
2015-07-11T13:48:55,128.0
2015-07-11T14:45:53,131.0
2015-07-11T15:21:42,70.0
2015-07-11T16:07:49,127.0
2015-07-11T16:51:39,69.0
2015-07-11T17:21:46,123.0
2015-07-11T18:14:44,120.0
2015-07-11T19:00:38,121.0
2015-07-11T19:32:44,68.0
2015-07-11T20:12:44,86.0
2015-07-11T22:00:44,86.0
2015-07-11T22:41:51,75.0
2015-07-11T23:56:48,126.0
2015-07-11T00:22:46,90.0
2015-07-11T00:43:28,67.0
2015-07-11T01:02:46,119.0
2015-07-11T01:48:49,100.0
2015-07-11T02:22:42,73.0
2015-07-11T03:21:47,111.0
2015-07-11T03:49:40,114.0
2015-07-11T04:51:45,88.0
2015-07-11T05:19:49,127.0
2015-07-11T06:40:46,73.0
2015-07-11T08:23:56,117.0
2015-07-11T08:58:52,86.0
2015-07-11T09:39:48,128.0
2015-07-11T10:26:57,102.0
2015-07-12T10:37:38,126.0
2015-07-12T10:50:45,117.0
2015-07-12T10:59:43,109.0
2015-07-12T11:12:51,120.0
2015-07-12T11:18:45,75.0
2015-07-12T11:43:55,163.0
2015-07-12T12:03:58,126.0
2015-07-12T12:41:00,133.0
2015-07-12T12:52:43,145.0
2015-07-12T13:00:53,167.0
2015-07-12T13:10:52,119.0
2015-07-12T13:25:48,121.0
2015-07-12T13:31:57,81.0
2015-07-12T13:52:53,133.0
2015-07-12T14:16:46,125.0
2015-07-12T15:04:43,77.0
2015-07-12T15:11:52,71.0
2015-07-12T15:18:50,142.0
2015-07-12T15:42:44,113.0
2015-07-12T16:03:48,126.0
2015-07-12T16:22:49,141.0
2015-07-12T17:07:53,129.0
2015-07-12T17:18:51,95.0
2015-07-12T17:25:57,126.0
2015-07-12T17:31:00,80.0
2015-07-12T17:39:58,92.0
2015-07-12T17:50:47,123.0
2015-07-12T18:12:55,79.0
2015-07-12T18:30:48,78.0
2015-07-12T19:11:51,62.0
2015-07-12T19:18:45,129.0
2015-07-12T19:26:53,69.0
2015-07-12T19:38:48,123.0
2015-07-12T19:50:05,90.0
2015-07-12T20:11:49,75.0
2015-07-12T21:08:00,130.0
2015-07-12T21:12:53,78.0
2015-07-12T21:28:56,132.0
2015-07-12T21:44:59,80.0
2015-07-12T21:59:52,75.0
2015-07-12T22:51:44,82.0
2015-07-12T23:05:40,122.0
2015-07-12T23:22:49,96.0
2015-07-12T23:34:54,68.0
2015-07-12T00:22:55,96.0
2015-07-12T01:19:47,126.0
2015-07-12T01:52:44,118.0
2015-07-12T02:55:51,136.0
2015-07-12T03:20:51,124.0
2015-07-12T04:19:51,77.0
2015-07-12T04:51:41,60.0
2015-07-12T05:47:42,108.0
2015-07-12T07:05:49,130.0
2015-07-12T07:16:48,107.0
2015-07-12T08:10:42,119.0
2015-07-12T08:40:38,113.0
2015-07-12T08:54:47,107.0
2015-07-12T09:07:51,105.0
2015-07-12T09:38:54,73.0
2015-07-12T10:04:45,61.0
2015-07-13T10:47:47,123.0
2015-07-13T10:58:43,112.0
2015-07-13T11:24:48,119.0
2015-07-13T11:35:46,131.0
2015-07-13T12:04:18,91.0
2015-07-13T12:31:56,119.0
2015-07-13T12:45:00,134.0
2015-07-13T12:55:14,98.0
2015-07-13T13:06:58,129.0
2015-07-13T13:35:28,118.0
2015-07-13T13:45:51,124.0
2015-07-13T14:14:55,135.0
2015-07-13T14:28:50,79.0
2015-07-13T14:52:46,69.0
2015-07-13T15:05:45,184.0
2015-07-13T15:12:53,135.0
2015-07-13T15:46:14,91.0
2015-07-13T16:03:40,66.0
2015-07-13T16:27:29,129.0
2015-07-13T16:34:40,120.0
2015-07-13T16:49:34,137.0
2015-07-13T17:07:27,121.0
2015-07-13T17:23:34,75.0
2015-07-13T17:28:29,126.0
2015-07-13T18:10:48,91.0
2015-07-13T18:16:41,90.0
2015-07-13T18:39:48,75.0
2015-07-13T18:46:56,70.0
2015-07-13T18:57:53,125.0
2015-07-13T19:19:53,73.0
2015-07-13T19:43:39,102.0
2015-07-13T19:44:42,161.0
2015-07-13T20:19:53,42.0
2015-07-13T20:52:44,138.0
2015-07-13T21:23:50,139.0
2015-07-13T21:47:59,99.0
2015-07-13T22:41:43,150.0
2015-07-13T22:51:57,38.0
2015-07-13T23:05:48,73.0
2015-07-13T23:26:49,113.0
2015-07-13T00:40:48,89.0
2015-07-13T00:58:47,106.0
2015-07-13T02:22:44,90.0
2015-07-13T03:47:50,99.0
2015-07-13T05:19:42,119.0
2015-07-13T06:06:52,106.0
2015-07-13T06:28:42,129.0
2015-07-13T06:42:57,99.0
2015-07-13T07:11:06,105.0
2015-07-13T07:23:52,115.0
2015-07-13T07:44:52,86.0
2015-07-13T07:55:50,83.0
2015-07-13T08:15:57,138.0
2015-07-13T08:37:01,111.0
2015-07-13T08:51:10,99.0
2015-07-13T09:21:04,73.0
2015-07-13T09:24:42,122.0
2015-07-13T09:53:07,83.0
2015-07-13T10:03:45,123.0
2015-07-13T10:26:42,141.0
2015-07-14T11:29:00,119.0
2015-07-14T11:45:02,89.0
2015-07-14T11:55:47,130.0
2015-07-14T12:08:54,78.0
2015-07-14T12:20:59,85.0
2015-07-14T12:38:46,168.0
2015-07-14T12:46:43,29.0
2015-07-14T13:45:45,115.0
2015-07-14T13:56:47,116.0
2015-07-14T14:06:59,132.0
2015-07-14T14:16:40,104.0
2015-07-14T14:23:05,117.0
2015-07-14T14:35:55,208.0
2015-07-14T15:00:57,131.0
2015-07-14T15:01:50,131.0
2015-07-14T15:28:49,107.0
2015-07-14T15:55:00,123.0
2015-07-14T16:13:35,151.0
2015-07-14T16:20:35,122.0
2015-07-14T16:26:36,122.0
2015-07-14T16:33:49,143.0
2015-07-14T16:45:12,168.0
2015-07-14T16:51:39,166.0
2015-07-14T17:09:36,151.0
2015-07-14T17:15:36,157.0
2015-07-14T17:39:42,103.0
2015-07-14T18:01:41,81.0
2015-07-14T18:28:36,113.0
2015-07-14T19:02:46,72.0
2015-07-14T18:44:48,184.0
2015-07-14T18:47:49,71.0
2015-07-14T19:01:44,117.0
2015-07-14T19:03:06,90.0
2015-07-14T19:30:04,91.0
2015-07-14T19:30:57,87.0
2015-07-14T19:51:55,156.0
2015-07-14T20:12:51,134.0
2015-07-14T20:33:49,126.0
2015-07-14T20:43:48,86.0
2015-07-14T20:53:52,152.0
2015-07-14T21:08:52,142.0
2015-07-14T21:28:50,161.0
2015-07-14T21:52:47,85.0
2015-07-14T22:20:51,122.0
2015-07-14T22:50:47,72.0
2015-07-14T23:05:46,71.0
2015-07-14T23:34:45,91.0
2015-07-14T23:58:52,63.0
2015-07-14T00:22:40,66.0
2015-07-14T00:39:50,74.0
2015-07-14T01:06:00,115.0
2015-07-14T01:50:48,125.0
2015-07-14T02:21:53,103.0
2015-07-14T03:23:42,117.0
2015-07-14T03:48:50,91.0
2015-07-14T04:50:39,64.0
2015-07-14T05:20:54,135.0
2015-07-14T06:11:53,65.0
2015-07-14T07:11:55,99.0
2015-07-14T07:31:47,101.0
2015-07-14T07:46:57,62.0
2015-07-14T07:52:07,99.0
2015-07-14T08:15:05,117.0
2015-07-14T08:21:02,99.0
2015-07-14T08:43:00,69.0
2015-07-14T09:22:56,75.0
2015-07-14T09:31:54,140.0
2015-07-14T09:45:07,128.0
2015-07-14T09:52:43,116.0
2015-07-14T10:05:02,100.0
2015-07-14T10:26:48,74.0
2015-07-14T10:36:39,125.0
2015-07-15T10:59:49,62.0
2015-07-15T11:07:48,133.0
2015-07-15T11:32:55,124.0
2015-07-15T11:58:51,89.0
2015-07-15T12:16:48,137.0
2015-07-15T12:25:53,168.0
2015-07-15T12:48:45,75.0
2015-07-15T13:08:46,129.0
2015-07-15T13:13:46,84.0
2015-07-15T13:44:22,108.0
2015-07-15T14:14:53,121.0
2015-07-15T14:22:57,132.0
2015-07-15T15:00:11,151.0
2015-07-15T15:15:12,94.0
2015-07-15T15:28:41,127.0
2015-07-15T15:35:46,119.0
2015-07-15T16:03:33,149.0
2015-07-15T15:55:46,120.0
2015-07-15T16:18:37,117.0
2015-07-15T16:48:27,105.0
2015-07-15T17:14:37,109.0
2015-07-15T17:30:36,65.0
2015-07-15T17:39:38,80.0
2015-07-15T17:49:32,127.0
2015-07-15T18:21:29,158.0
2015-07-15T18:14:31,127.0
2015-07-15T18:35:46,130.0
2015-07-15T18:57:19,91.0
2015-07-15T19:27:48,136.0
2015-07-15T19:39:56,76.0
2015-07-15T19:53:46,131.0
2015-07-15T20:00:45,151.0
2015-07-15T20:22:44,128.0
2015-07-15T20:43:51,86.0
2015-07-15T21:54:41,72.0
2015-07-15T22:09:54,30.0
2015-07-15T23:35:41,88.0
2015-07-15T23:53:52,118.0
2015-07-15T00:43:56,88.0
2015-07-15T02:20:47,102.0
2015-07-15T03:48:47,130.0
2015-07-15T05:20:48,93.0
2015-07-15T06:41:04,106.0
2015-07-15T06:54:53,102.0
2015-07-15T07:23:49,82.0
2015-07-15T07:51:26,75.0
2015-07-15T08:02:05,105.0
2015-07-15T08:20:47,91.0
2015-07-15T08:42:09,110.0
2015-07-15T08:54:11,105.0
2015-07-15T09:04:02,136.0
2015-07-15T09:49:03,134.0
2015-07-15T10:03:51,128.0
2015-07-15T10:12:45,112.0
2015-07-15T10:31:49,80.0
2015-07-16T11:16:43,119.0
2015-07-16T11:26:49,133.0
2015-07-16T11:35:01,109.0
2015-07-16T11:45:54,130.0
2015-07-16T11:54:52,146.0
2015-07-16T12:14:58,74.0
2015-07-16T12:45:49,126.0
2015-07-16T13:26:52,81.0
2015-07-16T13:37:45,132.0
2015-07-16T13:45:40,123.0
2015-07-16T13:55:25,89.0
2015-07-16T14:03:57,125.0
2015-07-16T14:26:46,63.0
2015-07-16T14:58:48,130.0
2015-07-16T15:26:59,77.0
2015-07-16T15:37:50,73.0
2015-07-16T15:48:40,119.0
2015-07-16T16:02:29,156.0
2015-07-16T16:16:36,123.0
2015-07-16T16:19:31,128.0
2015-07-16T16:47:33,121.0
2015-07-16T17:14:36,104.0
2015-07-16T17:41:33,152.0
2015-07-16T17:55:38,122.0
2015-07-16T18:09:42,106.0
2015-07-16T18:19:03,70.0
2015-07-16T18:25:41,100.0
2015-07-16T18:35:55,140.0
2015-07-16T18:55:55,144.0
2015-07-16T19:27:50,141.0
2015-07-16T19:52:47,191.0
2015-07-16T20:12:37,120.0
2015-07-16T20:33:49,120.0
2015-07-16T20:42:51,120.0
2015-07-16T21:53:46,90.0
2015-07-16T22:26:48,119.0
2015-07-16T23:34:59,105.0
2015-07-16T23:55:52,123.0
2015-07-16T01:20:56,155.0
2015-07-16T02:53:53,79.0
2015-07-16T04:22:50,139.0
2015-07-16T05:50:50,116.0
2015-07-16T07:11:54,129.0
2015-07-16T07:19:50,104.0
2015-07-16T07:31:01,109.0
2015-07-16T07:52:13,94.0
2015-07-16T08:21:53,95.0
2015-07-16T09:07:49,129.0
2015-07-16T09:18:47,137.0
2015-07-16T09:31:45,82.0
2015-07-16T09:37:53,123.0
2015-07-16T09:44:00,90.0
2015-07-16T10:06:47,117.0
2015-07-16T10:31:49,114.0
2015-07-17T10:56:45,123.0
2015-07-17T11:28:44,130.0
2015-07-17T11:35:12,94.0
2015-07-17T11:45:47,126.0
2015-07-17T11:53:48,138.0
2015-07-17T12:03:42,124.0
2015-07-17T12:13:59,81.0
2015-07-17T12:28:49,127.0
2015-07-17T12:36:04,112.0
2015-07-17T12:46:49,127.0
2015-07-17T13:09:50,154.0
2015-07-17T13:35:42,169.0
2015-07-17T13:44:47,125.0
2015-07-17T13:59:45,146.0
2015-07-17T14:08:01,95.0
2015-07-17T14:15:42,163.0
2015-07-17T14:22:41,120.0
2015-07-17T14:43:59,84.0
2015-07-17T14:51:55,133.0
2015-07-17T14:58:03,133.0
2015-07-17T15:13:52,128.0
2015-07-17T15:28:53,146.0
2015-07-17T15:56:46,111.0
2015-07-17T16:07:36,251.0
2015-07-17T16:13:26,138.0
2015-07-17T16:19:42,132.0
2015-07-17T16:36:28,125.0
2015-07-17T16:47:28,161.0
2015-07-17T17:05:06,122.0
2015-07-17T17:11:09,62.0
2015-07-17T17:14:36,139.0
2015-07-17T17:28:38,90.0
2015-07-17T17:39:40,87.0
2015-07-17T18:08:25,119.0
2015-07-17T18:21:38,149.0
2015-07-17T18:29:38,85.0
2015-07-17T18:38:49,121.0
2015-07-17T18:40:46,126.0
2015-07-17T18:57:47,73.0
2015-07-17T19:14:52,82.0
2015-07-17T19:25:06,132.0
2015-07-17T19:45:56,78.0
2015-07-17T19:52:57,147.0
2015-07-17T20:16:46,76.0
2015-07-17T20:33:47,124.0
2015-07-17T20:45:52,140.0
2015-07-17T21:28:46,80.0
2015-07-17T21:55:56,145.0
2015-07-17T22:26:51,74.0
2015-07-17T22:41:58,72.0
2015-07-17T22:54:52,101.0
2015-07-17T23:10:47,107.0
2015-07-17T23:35:56,88.0
2015-07-17T23:53:01,68.0
2015-07-17T01:17:46,60.0
2015-07-17T02:50:01,119.0
2015-07-17T04:20:51,126.0
2015-07-17T05:50:57,84.0
2015-07-17T06:07:51,137.0
2015-07-17T06:43:49,96.0
2015-07-17T07:09:39,119.0
2015-07-17T07:24:00,87.0
2015-07-17T07:30:56,101.0
2015-07-17T07:40:53,51.0
2015-07-17T07:50:48,102.0
2015-07-17T08:00:06,98.0
2015-07-17T08:16:53,94.0
2015-07-17T08:19:28,126.0
2015-07-17T08:48:04,96.0
2015-07-17T08:49:07,106.0
2015-07-17T09:18:46,66.0
2015-07-17T09:25:02,132.0
2015-07-17T09:33:44,129.0
2015-07-17T09:46:54,161.0
2015-07-17T09:54:55,30.0
2015-07-17T10:02:48,74.0
2015-07-17T10:14:46,114.0
2015-07-17T10:25:49,127.0
2015-07-17T10:33:56,171.0
2015-07-18T10:41:57,30.0
2015-07-18T11:17:41,122.0
2015-07-18T11:24:58,83.0
2015-07-18T11:52:57,106.0
2015-07-18T12:00:48,120.0
2015-07-18T12:32:47,79.0
2015-07-18T12:44:38,126.0
2015-07-18T13:14:46,119.0
2015-07-18T13:25:41,91.0
2015-07-18T14:12:46,134.0
2015-07-18T14:15:50,136.0
2015-07-18T14:42:44,117.0
2015-07-18T14:56:50,132.0
2015-07-18T15:27:02,100.0
2015-07-18T15:32:58,177.0
2015-07-18T16:14:57,133.0
2015-07-18T16:21:50,163.0
2015-07-18T16:50:32,121.0
2015-07-18T17:08:45,125.0
2015-07-18T17:40:49,59.0
2015-07-18T17:43:56,121.0
2015-07-18T18:21:51,90.0
2015-07-18T18:31:52,125.0
2015-07-18T19:02:47,140.0
2015-07-18T19:11:41,111.0
2015-07-18T19:40:57,107.0
2015-07-18T20:22:42,140.0
2015-07-18T21:04:42,121.0
2015-07-18T21:34:29,61.0
2015-07-18T22:13:57,133.0
2015-07-18T22:40:48,82.0
2015-07-18T22:48:01,90.0
2015-07-18T23:22:49,82.0
2015-07-18T00:05:56,155.0
2015-07-18T00:22:51,113.0
2015-07-18T00:40:47,65.0
2015-07-18T01:22:58,100.0
2015-07-18T01:49:56,124.0
2015-07-18T02:21:48,98.0
2015-07-18T02:51:54,114.0
2015-07-18T03:19:50,100.0
2015-07-18T03:49:44,107.0
2015-07-18T04:20:56,114.0
2015-07-18T04:52:44,94.0
2015-07-18T05:17:43,84.0
2015-07-18T05:46:51,78.0
2015-07-18T06:15:40,106.0
2015-07-18T06:39:50,111.0
2015-07-18T07:04:41,71.0
2015-07-18T07:22:43,105.0
2015-07-18T07:54:48,73.0
2015-07-18T08:08:46,109.0
2015-07-18T08:23:48,110.0
2015-07-18T08:43:44,137.0
2015-07-18T09:14:37,72.0
2015-07-18T09:53:42,105.0
2015-07-18T10:04:55,76.0
2015-07-18T10:30:08,151.0
2015-07-19T11:13:42,137.0
2015-07-19T11:54:10,0.0
2015-07-19T12:00:43,142.0
2015-07-19T12:16:51,124.0
2015-07-19T12:20:00,80.0
2015-07-19T13:19:43,101.0
2015-07-19T13:32:56,139.0
2015-07-19T14:01:58,122.0
2015-07-19T14:13:44,132.0
2015-07-19T14:33:05,74.0
2015-07-19T14:33:27,90.0
2015-07-19T15:23:47,169.0
2015-07-19T15:45:51,52.0
2015-07-19T16:14:01,139.0
2015-07-19T16:20:55,140.0
2015-07-19T16:38:46,119.0
2015-07-19T16:40:01,79.0
2015-07-19T17:32:50,67.0
2015-07-19T17:51:57,75.0
2015-07-19T18:21:16,97.0
2015-07-19T18:33:47,120.0
2015-07-19T18:45:45,80.0
2015-07-19T18:47:45,91.0
2015-07-19T19:37:56,104.0
2015-07-19T19:49:46,136.0
2015-07-19T20:22:55,121.0
2015-07-19T20:39:44,128.0
2015-07-19T20:43:57,83.0
2015-07-19T21:28:01,91.0
2015-07-19T21:46:49,106.0
2015-07-19T22:11:02,97.0
2015-07-19T22:21:47,80.0
2015-07-19T23:21:36,60.0
2015-07-19T23:36:54,137.0
2015-07-19T00:20:47,109.0
2015-07-19T00:37:37,153.0
2015-07-19T00:57:46,88.0
2015-07-19T01:35:48,124.0
2015-07-19T01:55:47,84.0
2015-07-19T02:22:37,99.0
2015-07-19T03:21:39,60.0
2015-07-19T03:46:47,164.0
2015-07-19T04:20:44,202.0
2015-07-19T04:51:51,133.0
2015-07-19T05:18:54,90.0
2015-07-19T05:48:47,72.0
2015-07-19T06:15:50,75.0
2015-07-19T07:21:41,104.0
2015-07-19T07:53:05,81.0
2015-07-19T08:07:20,103.0
2015-07-19T09:13:42,108.0
2015-07-19T09:50:54,134.0
2015-07-19T10:02:45,157.0
2015-07-19T10:17:51,74.0
2015-07-20T10:43:53,135.0
2015-07-20T10:56:43,133.0
2015-07-20T11:07:56,119.0
2015-07-20T11:14:43,131.0
2015-07-20T11:27:04,148.0
2015-07-20T11:32:05,136.0
2015-07-20T12:54:56,139.0
2015-07-20T13:10:39,145.0
2015-07-20T13:15:56,142.0
2015-07-20T13:23:45,127.0
2015-07-20T13:41:51,73.0
2015-07-20T13:48:10,145.0
2015-07-20T15:14:56,86.0
2015-07-20T15:15:48,138.0
2015-07-20T15:31:01,146.0
2015-07-20T15:50:43,126.0
2015-07-20T15:56:05,166.0
2015-07-20T16:05:31,132.0
2015-07-20T16:25:37,67.0
2015-07-20T17:26:50,81.0
2015-07-20T17:29:36,120.0
2015-07-20T17:51:38,161.0
2015-07-20T17:53:37,135.0
2015-07-20T18:03:37,148.0
2015-07-20T18:18:31,132.0
2015-07-20T18:44:46,58.0
2015-07-20T19:45:59,139.0
2015-07-20T19:46:40,141.0
2015-07-20T20:03:48,121.0
2015-07-20T20:12:48,127.0
2015-07-20T21:41:49,114.0
2015-07-20T22:36:46,64.0
2015-07-20T22:51:45,87.0
2015-07-20T23:29:45,92.0
2015-07-20T23:53:58,87.0
2015-07-20T00:58:52,121.0
2015-07-20T06:26:49,68.0
2015-07-20T06:42:52,103.0
2015-07-20T06:59:10,133.0
2015-07-20T07:13:02,119.0
2015-07-20T07:20:51,92.0
2015-07-20T08:35:06,95.0
2015-07-20T08:50:01,115.0
2015-07-20T09:00:01,94.0
2015-07-20T09:05:37,60.0
2015-07-20T09:20:57,142.0
2015-07-20T09:23:47,87.0
2015-07-21T11:14:42,116.0
2015-07-21T11:34:44,116.0
2015-07-21T11:54:41,120.0
2015-07-21T12:25:28,121.0
2015-07-21T12:42:53,142.0
2015-07-21T12:44:11,147.0
2015-07-21T13:31:56,50.0
2015-07-21T13:51:10,135.0
2015-07-21T14:04:51,84.0
2015-07-21T14:45:02,89.0
2015-07-21T14:51:52,149.0
2015-07-21T14:58:44,127.0
2015-07-21T15:22:53,92.0
2015-07-21T15:46:58,86.0
2015-07-21T16:09:36,126.0
2015-07-21T16:21:31,138.0
2015-07-21T17:00:55,173.0
2015-07-21T17:09:45,139.0
2015-07-21T17:14:45,116.0
2015-07-21T17:39:41,161.0
2015-07-21T17:56:43,152.0
2015-07-21T18:20:36,80.0
2015-07-21T18:34:54,150.0
2015-07-21T19:14:50,74.0
2015-07-21T19:20:50,110.0
2015-07-21T19:26:50,80.0
2015-07-21T19:51:59,125.0
2015-07-21T20:44:50,188.0
2015-07-21T21:25:59,92.0
2015-07-21T21:53:58,159.0
2015-07-21T22:58:16,95.0
2015-07-21T23:06:51,106.0
2015-07-21T23:35:51,143.0
2015-07-21T23:53:57,136.0
2015-07-21T00:18:46,34.0
2015-07-21T00:36:45,96.0
2015-07-21T01:11:55,170.0
2015-07-21T01:19:54,131.0
2015-07-21T01:50:50,66.0
2015-07-21T02:20:46,107.0
2015-07-21T02:53:48,103.0
2015-07-21T03:21:55,58.0
2015-07-21T03:50:48,160.0
2015-07-21T04:25:47,157.0
2015-07-21T04:50:56,73.0
2015-07-21T05:17:48,72.0
2015-07-21T05:48:52,147.0
2015-07-21T06:07:53,102.0
2015-07-21T07:18:14,141.0
2015-07-21T07:33:55,98.0
2015-07-21T08:03:05,79.0
2015-07-21T08:18:13,146.0
2015-07-21T08:22:54,130.0
2015-07-21T09:02:02,103.0
2015-07-21T09:27:45,118.0
2015-07-21T09:43:42,123.0
2015-07-21T10:15:47,120.0
2015-07-21T10:32:52,135.0
2015-07-21T10:37:45,171.0
2015-07-22T10:53:45,126.0
2015-07-22T11:04:54,128.0
2015-07-22T11:16:53,118.0
2015-07-22T11:27:45,109.0
2015-07-22T11:44:55,136.0
2015-07-22T12:27:53,36.0
2015-07-22T13:06:09,140.0
2015-07-22T13:13:03,131.0
2015-07-22T13:28:47,125.0
2015-07-22T13:39:42,71.0
2015-07-22T13:56:49,159.0
2015-07-22T14:46:54,128.0
2015-07-22T15:20:53,61.0
2015-07-22T15:22:42,124.0
2015-07-22T15:37:05,110.0
2015-07-22T15:40:54,131.0
2015-07-22T15:56:49,90.0
2015-07-22T16:09:44,134.0
2015-07-22T16:27:10,159.0
2015-07-22T16:58:39,72.0
2015-07-22T17:16:31,130.0
2015-07-22T17:42:39,94.0
2015-07-22T17:43:43,127.0
2015-07-22T17:47:41,130.0
2015-07-22T17:57:31,110.0
2015-07-22T18:01:32,144.0
2015-07-22T18:31:48,100.0
2015-07-22T19:14:48,87.0
2015-07-22T19:27:01,83.0
2015-07-22T19:51:57,139.0
2015-07-22T19:53:51,97.0
2015-07-22T19:58:51,76.0
2015-07-22T20:11:58,60.0
2015-07-22T20:31:47,128.0
2015-07-22T21:53:50,154.0
2015-07-22T22:24:47,133.0
2015-07-22T22:51:47,139.0
2015-07-22T23:35:53,144.0
2015-07-22T23:52:49,133.0
2015-07-22T00:41:02,153.0
2015-07-22T01:20:48,124.0
2015-07-22T02:21:02,144.0
2015-07-22T02:51:51,115.0
2015-07-22T03:50:03,172.0
2015-07-22T04:21:45,125.0
2015-07-22T05:20:54,120.0
2015-07-22T05:46:55,76.0
2015-07-22T06:42:46,95.0
2015-07-22T06:56:02,116.0
2015-07-22T07:10:48,110.0
2015-07-22T07:34:57,98.0
2015-07-22T08:02:49,121.0
2015-07-22T08:51:52,140.0
2015-07-22T08:58:05,159.0
2015-07-22T09:06:46,116.0
2015-07-22T09:17:46,130.0
2015-07-22T09:32:09,92.0
2015-07-22T10:14:40,66.0
2015-07-23T10:56:50,120.0
2015-07-23T11:09:47,127.0
2015-07-23T11:59:44,114.0
2015-07-23T12:04:43,126.0
2015-07-23T13:07:50,78.0
2015-07-23T13:13:47,127.0
2015-07-23T14:07:00,138.0
2015-07-23T14:14:41,132.0
2015-07-23T14:32:49,126.0
2015-07-23T14:48:45,126.0
2015-07-23T15:20:52,186.0
2015-07-23T15:21:57,142.0
2015-07-23T15:40:50,131.0
2015-07-23T15:54:00,91.0
2015-07-23T16:18:47,125.0
2015-07-23T16:25:48,130.0
2015-07-23T16:34:31,159.0
2015-07-23T16:58:29,121.0
2015-07-23T17:01:50,121.0
2015-07-23T17:33:34,76.0
2015-07-23T17:40:31,126.0
2015-07-23T17:49:13,146.0
2015-07-23T18:12:47,86.0
2015-07-23T18:38:54,152.0
2015-07-23T18:45:01,134.0
2015-07-23T18:48:47,145.0
2015-07-23T19:08:54,140.0
2015-07-23T19:14:02,31.0
2015-07-23T19:41:55,89.0
2015-07-23T19:50:47,148.0
2015-07-23T20:03:51,123.0
2015-07-23T20:25:50,155.0
2015-07-23T20:41:57,105.0
2015-07-23T20:54:42,89.0
2015-07-23T21:10:51,114.0
2015-07-23T21:54:11,60.0
2015-07-23T22:16:49,145.0
2015-07-23T23:34:43,90.0
2015-07-23T00:03:49,84.0
2015-07-23T00:44:48,93.0
2015-07-23T01:19:49,131.0
2015-07-23T02:22:45,166.0
2015-07-23T02:51:49,217.0
2015-07-23T03:48:42,73.0
2015-07-23T04:21:39,65.0
2015-07-23T05:21:44,131.0
2015-07-23T05:50:48,134.0
2015-07-23T06:40:54,90.0
2015-07-23T06:55:55,99.0
2015-07-23T07:42:02,90.0
2015-07-23T08:01:47,68.0
2015-07-23T08:42:29,64.0
2015-07-23T08:48:03,96.0
2015-07-23T09:01:05,118.0
2015-07-23T09:44:02,83.0
2015-07-23T09:52:43,129.0
2015-07-23T10:12:41,51.0
2015-07-24T11:13:42,122.0
2015-07-24T11:24:49,172.0
2015-07-24T11:44:55,108.0
2015-07-24T11:54:44,122.0
2015-07-24T12:17:51,60.0
2015-07-24T12:28:51,74.0
2015-07-24T13:22:56,131.0
2015-07-24T13:35:55,72.0
2015-07-24T13:48:36,119.0
2015-07-24T14:13:49,187.0
2015-07-24T14:23:46,119.0
2015-07-24T14:49:42,131.0
2015-07-24T15:27:56,164.0
2015-07-24T15:40:58,132.0
2015-07-24T15:50:51,127.0
2015-07-24T15:54:58,127.0
2015-07-24T16:05:36,131.0
2015-07-24T16:23:49,80.0
2015-07-24T16:36:33,133.0
2015-07-24T16:49:45,98.0
2015-07-24T16:59:34,138.0
2015-07-24T17:39:37,131.0
2015-07-24T17:56:42,132.0
2015-07-24T18:11:44,166.0
2015-07-24T18:13:40,171.0
2015-07-24T18:21:36,141.0
2015-07-24T18:34:58,144.0
2015-07-24T18:52:45,132.0
2015-07-24T19:08:06,136.0
2015-07-24T19:17:58,87.0
2015-07-24T19:51:45,135.0
2015-07-24T20:10:57,135.0
2015-07-24T20:29:46,121.0
2015-07-24T20:47:50,102.0
2015-07-24T21:52:54,87.0
2015-07-24T22:09:51,87.0
2015-07-24T23:34:52,96.0
2015-07-24T23:57:51,27.0
2015-07-24T07:09:53,97.0
2015-07-24T07:22:55,93.0
2015-07-24T07:52:09,57.0
2015-07-24T08:04:52,150.0
2015-07-24T09:11:47,125.0
2015-07-24T09:15:48,132.0
2015-07-24T09:29:51,76.0
2015-07-24T09:44:44,128.0
2015-07-24T10:02:52,119.0
2015-07-24T10:16:19,197.0
2015-07-25T10:42:48,47.0
2015-07-25T10:48:42,90.0
2015-07-25T11:01:44,126.0
2015-07-25T11:14:04,140.0
2015-07-25T11:33:52,142.0
2015-07-25T11:47:47,139.0
2015-07-25T11:52:46,126.0
2015-07-25T12:22:00,135.0
2015-07-25T12:33:04,95.0
2015-07-25T12:42:59,92.0
2015-07-25T12:57:41,168.0
2015-07-25T13:01:48,72.0
2015-07-25T13:16:43,115.0
2015-07-25T13:40:43,114.0
2015-07-25T13:47:45,127.0
2015-07-25T13:52:45,120.0
2015-07-25T14:04:51,125.0
2015-07-25T14:32:44,72.0
2015-07-25T14:42:44,63.0
2015-07-25T14:58:56,123.0
2015-07-25T15:02:52,147.0
2015-07-25T15:12:52,139.0
2015-07-25T15:24:49,138.0
2015-07-25T15:42:43,140.0
2015-07-25T15:52:52,131.0
2015-07-25T16:04:48,141.0
2015-07-25T16:13:07,89.0
2015-07-25T16:47:51,102.0
2015-07-25T16:50:52,140.0
2015-07-25T17:07:55,139.0
2015-07-25T17:14:05,123.0
2015-07-25T17:23:55,124.0
2015-07-25T17:39:43,68.0
2015-07-25T17:54:49,125.0
2015-07-25T17:59:52,99.0
2015-07-25T18:16:41,129.0
2015-07-25T18:22:40,129.0
2015-07-25T18:51:41,115.0
2015-07-25T19:00:45,81.0
2015-07-25T19:26:26,182.0
2015-07-25T19:29:46,119.0
2015-07-25T19:31:04,90.0
2015-07-25T19:50:39,185.0
2015-07-25T19:56:46,90.0
2015-07-25T20:11:54,93.0
2015-07-25T20:22:49,82.0
2015-07-25T20:42:39,76.0
2015-07-25T21:11:51,130.0
2015-07-25T21:13:55,128.0
2015-07-25T21:46:48,138.0
2015-07-25T22:00:42,123.0
2015-07-25T22:10:01,82.0
2015-07-25T22:36:51,74.0
2015-07-25T22:52:47,91.0
2015-07-25T23:08:49,123.0
2015-07-25T23:38:18,68.0
2015-07-25T01:22:24,82.0
2015-07-25T02:51:38,60.0
2015-07-25T04:22:40,109.0
2015-07-25T05:47:41,106.0
2015-07-25T06:21:41,99.0
2015-07-25T06:42:45,85.0
2015-07-25T07:01:38,96.0
2015-07-25T07:21:46,85.0
2015-07-25T07:36:50,90.0
2015-07-25T07:51:49,152.0
2015-07-25T08:23:06,93.0
2015-07-25T08:44:48,86.0
2015-07-25T08:54:39,66.0
2015-07-25T09:15:54,110.0
2015-07-25T09:28:47,144.0
2015-07-25T09:38:01,84.0
2015-07-25T09:55:44,128.0
2015-07-25T10:20:49,73.0
2015-07-25T10:29:01,95.0
2015-07-26T13:08:54,127.0
2015-07-26T15:08:47,70.0
2015-07-26T17:22:58,129.0
2015-07-26T19:33:44,112.0
2015-07-26T23:51:50,153.0
2015-07-26T00:22:41,75.0
2015-07-26T00:45:52,129.0
2015-07-26T01:46:46,101.0
2015-07-26T02:24:53,99.0
2015-07-26T03:19:48,124.0
2015-07-26T03:49:47,105.0
2015-07-26T04:49:45,132.0
2015-07-26T05:19:52,108.0
2015-07-27T01:24:41,50.0
2015-07-27T02:52:47,156.0
2015-07-27T04:24:48,162.0
2015-07-27T05:51:47,138.0
2015-07-07T15:45:03,36.0
2015-07-10T15:45:14,141.0
2015-07-13T16:07:00,824.0
2015-07-21T15:48:33,20.0
2015-08-03T10:44:56,128.0
2015-08-03T21:52:57,158.0
2015-08-04T21:54:09,145.0
2015-08-07T10:46:49,168.0
2015-08-07T21:57:54,103.0
2015-08-10T10:47:25,160.0
2015-08-10T21:55:53,166.0
2015-08-11T10:51:43,118.0
2015-08-12T21:54:48,122.0
2015-08-13T21:53:50,94.0
2015-08-14T10:49:46,195.0
2015-08-17T10:47:06,146.0
2015-08-18T10:44:50,126.0
2015-08-18T22:01:48,122.0
2015-08-19T21:53:41,81.0
2015-08-20T21:55:02,144.0
2015-08-25T22:03:54,129.0
2015-08-27T10:49:59,103.0
2015-08-27T22:01:56,143.0
2015-08-02T19:35:00,84.0
2015-08-02T22:45:53,108.0
2015-08-02T01:40:57,96.0
2015-08-03T19:54:04,156.0
2015-08-03T21:20:48,107.0
2015-08-04T19:01:52,181.0
2015-08-04T21:20:54,125.0
2015-08-04T01:14:56,74.0
2015-08-04T01:33:52,69.0
2015-08-05T20:16:54,146.0
2015-08-05T01:16:54,107.0
2015-08-06T20:04:45,144.0
2015-08-07T18:53:57,29.0
2015-08-07T01:15:51,146.0
2015-08-07T01:33:42,95.0
2015-08-08T19:37:51,156.0
2015-08-08T22:46:45,100.0
2015-08-09T19:33:58,116.0
2015-08-09T22:43:53,113.0
2015-08-10T22:51:44,75.0
2015-08-10T01:42:36,60.0
2015-08-11T21:18:49,71.0
2015-08-11T01:19:53,108.0
2015-08-12T19:02:51,77.0
2015-08-12T20:09:17,158.0
2015-08-12T21:34:53,152.0
2015-08-12T01:16:06,174.0
2015-08-12T01:34:56,107.0
2015-08-13T01:33:45,78.0
2015-08-14T18:58:50,152.0
2015-08-14T22:50:54,98.0
2015-08-15T22:46:48,65.0
2015-08-15T01:43:51,96.0
2015-08-16T22:45:11,82.0
2015-08-16T01:29:10,139.0
2015-08-16T01:35:53,122.0
2015-08-17T19:09:02,136.0
2015-08-17T22:48:49,127.0
2015-08-17T01:23:55,109.0
2015-08-18T22:47:52,135.0
2015-08-19T20:00:49,131.0
2015-08-20T01:33:46,111.0
2015-08-21T20:03:09,89.0
2015-08-21T21:20:46,60.0
2015-08-21T22:50:02,107.0
2015-08-22T01:16:50,105.0
2015-08-23T19:33:00,133.0
2015-08-23T22:46:49,105.0
2015-08-23T01:22:39,58.0
2015-08-23T01:34:47,61.0
2015-08-24T21:19:54,124.0
2015-08-24T22:43:42,96.0
2015-08-24T01:42:51,115.0
2015-08-25T19:06:02,40.0
2015-08-25T20:07:09,147.0
2015-08-25T22:47:42,121.0
2015-08-25T01:14:49,127.0
2015-08-26T19:01:54,162.0
2015-08-26T20:00:46,158.0
2015-08-27T18:52:58,140.0
2015-08-27T21:26:56,128.0
2015-08-27T01:33:49,124.0
2015-08-28T22:58:51,110.0
2015-08-28T01:35:41,109.0
2015-08-29T01:16:40,144.0
2015-08-29T01:59:49,108.0
2015-08-01T11:14:51,123.0
2015-08-01T12:17:33,60.0
2015-08-01T12:20:43,116.0
2015-08-01T13:14:18,90.0
2015-08-01T13:36:51,128.0
2015-08-01T14:25:55,81.0
2015-08-01T14:39:42,114.0
2015-08-01T15:29:46,133.0
2015-08-01T15:45:53,116.0
2015-08-01T16:39:58,131.0
2015-08-01T16:53:57,83.0
2015-08-01T17:37:52,56.0
2015-08-01T17:56:47,107.0
2015-08-01T18:46:46,130.0
2015-08-01T19:00:51,134.0
2015-08-01T19:41:47,46.0
2015-08-01T19:54:40,90.0
2015-08-01T20:39:44,130.0
2015-08-01T20:45:55,150.0
2015-08-01T21:27:54,129.0
2015-08-01T21:45:49,69.0
2015-08-01T22:26:47,153.0
2015-08-01T22:53:11,64.0
2015-08-01T23:24:55,153.0
2015-08-01T23:38:00,143.0
2015-08-01T23:55:58,87.0
2015-08-01T07:22:55,110.0
2015-08-01T09:15:45,109.0
2015-08-01T10:16:45,64.0
2015-08-02T10:37:47,134.0
2015-08-02T11:24:04,89.0
2015-08-02T11:46:59,120.0
2015-08-02T12:30:53,126.0
2015-08-02T12:42:48,136.0
2015-08-02T13:30:03,128.0
2015-08-02T13:33:50,69.0
2015-08-02T13:57:55,78.0
2015-08-02T14:44:55,120.0
2015-08-02T14:58:46,133.0
2015-08-02T15:35:49,121.0
2015-08-02T15:41:25,87.0
2015-08-02T16:09:43,87.0
2015-08-02T16:57:00,138.0
2015-08-02T17:08:46,129.0
2015-08-02T17:44:03,91.0
2015-08-02T17:52:56,121.0
2015-08-02T18:16:44,129.0
2015-08-02T19:05:46,96.0
2015-08-02T19:09:55,96.0
2015-08-02T19:48:47,125.0
2015-08-02T20:10:45,139.0
2015-08-02T21:07:39,106.0
2015-08-02T21:44:06,91.0
2015-08-02T22:00:43,147.0
2015-08-02T22:55:39,119.0
2015-08-02T23:37:58,146.0
2015-08-02T00:05:00,173.0
2015-08-02T00:43:56,108.0
2015-08-02T00:59:00,109.0
2015-08-02T01:23:56,89.0
2015-08-02T02:23:38,148.0
2015-08-02T02:54:49,47.0
2015-08-02T03:50:38,110.0
2015-08-02T04:22:49,84.0
2015-08-02T05:16:39,100.0
2015-08-02T05:50:40,60.0
2015-08-02T06:37:50,89.0
2015-08-02T06:58:47,123.0
2015-08-02T08:23:47,117.0
2015-08-02T08:39:50,142.0
2015-08-02T09:37:54,86.0
2015-08-02T10:26:59,135.0
2015-08-03T11:05:25,162.0
2015-08-03T11:13:00,29.0
2015-08-03T11:25:45,93.0
2015-08-03T11:41:44,145.0
2015-08-03T12:05:43,127.0
2015-08-03T12:15:54,136.0
2015-08-03T12:28:44,126.0
2015-08-03T13:15:54,128.0
2015-08-03T13:31:41,126.0
2015-08-03T13:53:41,183.0
2015-08-03T14:13:48,79.0
2015-08-03T14:25:47,121.0
2015-08-03T14:42:59,82.0
2015-08-03T15:30:51,122.0
2015-08-03T15:37:59,117.0
2015-08-03T15:56:04,133.0
2015-08-03T16:06:02,151.0
2015-08-03T16:08:47,153.0
2015-08-03T16:33:38,118.0
2015-08-03T16:43:33,124.0
2015-08-03T17:04:31,124.0
2015-08-03T17:49:35,124.0
2015-08-03T17:56:49,91.0
2015-08-03T18:02:26,113.0
2015-08-03T18:12:27,119.0
2015-08-03T18:17:33,138.0
2015-08-03T18:45:55,125.0
2015-08-03T18:56:49,76.0
2015-08-03T19:10:57,79.0
2015-08-03T20:09:50,78.0
2015-08-03T20:10:00,157.0
2015-08-03T20:05:47,123.0
2015-08-03T20:52:52,166.0
2015-08-03T21:50:49,127.0
2015-08-03T22:06:41,88.0
2015-08-03T22:36:50,93.0
2015-08-03T22:53:53,77.0
2015-08-03T23:23:44,115.0
2015-08-03T23:50:45,103.0
2015-08-03T00:39:39,98.0
2015-08-03T02:21:40,88.0
2015-08-03T03:55:39,140.0
2015-08-03T05:21:40,121.0
2015-08-03T06:59:00,117.0
2015-08-03T07:12:13,89.0
2015-08-03T07:20:48,97.0
2015-08-03T07:45:58,156.0
2015-08-03T07:52:55,92.0
2015-08-03T08:02:30,141.0
2015-08-03T08:42:10,91.0
2015-08-03T08:59:56,99.0
2015-08-03T09:09:01,124.0
2015-08-03T09:15:49,82.0
2015-08-03T09:24:48,62.0
2015-08-03T09:58:42,134.0
2015-08-03T10:05:06,145.0
2015-08-03T10:12:44,118.0
2015-08-04T11:08:59,132.0
2015-08-04T11:21:45,132.0
2015-08-04T11:27:59,116.0
2015-08-04T11:33:47,124.0
2015-08-04T11:46:48,171.0
2015-08-04T12:01:14,123.0
2015-08-04T12:14:00,130.0
2015-08-04T12:27:52,123.0
2015-08-04T12:44:47,148.0
2015-08-04T13:13:29,151.0
2015-08-04T13:36:49,140.0
2015-08-04T13:37:20,160.0
2015-08-04T13:51:50,109.0
2015-08-04T14:07:54,134.0
2015-08-04T14:23:46,133.0
2015-08-04T14:41:51,124.0
2015-08-04T14:58:49,138.0
2015-08-04T15:29:48,64.0
2015-08-04T15:33:49,169.0
2015-08-04T15:40:53,141.0
2015-08-04T15:48:50,122.0
2015-08-04T16:01:54,73.0
2015-08-04T16:05:37,127.0
2015-08-04T16:12:38,95.0
2015-08-04T16:20:38,151.0
2015-08-04T16:43:32,65.0
2015-08-04T17:02:46,146.0
2015-08-04T17:14:43,132.0
2015-08-04T17:43:36,118.0
2015-08-04T17:52:37,76.0
2015-08-04T18:00:40,79.0
2015-08-04T18:07:05,156.0
2015-08-04T18:17:46,24.0
2015-08-04T18:21:42,27.0
2015-08-04T18:30:31,115.0
2015-08-04T18:33:01,85.0
2015-08-04T19:02:49,140.0
2015-08-04T19:12:12,153.0
2015-08-04T19:27:37,70.0
2015-08-04T19:52:47,84.0
2015-08-04T20:01:55,162.0
2015-08-04T20:09:46,115.0
2015-08-04T20:27:46,122.0
2015-08-04T20:35:49,71.0
2015-08-04T20:45:54,105.0
2015-08-04T21:53:52,150.0
2015-08-04T22:06:48,126.0
2015-08-04T22:25:45,10.0
2015-08-04T22:52:48,63.0
2015-08-04T23:36:44,102.0
2015-08-04T23:51:47,113.0
2015-08-04T00:18:50,69.0
2015-08-04T00:40:54,98.0
2015-08-04T01:17:49,146.0
2015-08-04T01:51:50,84.0
2015-08-04T02:21:52,94.0
2015-08-04T02:48:48,96.0
2015-08-04T03:20:40,63.0
2015-08-04T03:51:47,144.0
2015-08-04T04:19:57,132.0
2015-08-04T04:51:39,89.0
2015-08-04T05:21:46,142.0
2015-08-04T05:48:22,134.0
2015-08-04T06:54:56,97.0
2015-08-04T07:09:24,61.0
2015-08-04T07:18:53,97.0
2015-08-04T07:32:14,96.0
2015-08-04T07:52:54,93.0
2015-08-04T08:05:04,98.0
2015-08-04T08:21:00,95.0
2015-08-04T08:51:59,161.0
2015-08-04T09:10:54,115.0
2015-08-04T09:17:50,62.0
2015-08-04T09:27:01,83.0
2015-08-04T09:36:49,120.0
2015-08-04T09:52:04,78.0
2015-08-04T10:05:02,150.0
2015-08-04T10:14:50,133.0
2015-08-04T10:32:00,135.0
2015-08-05T12:05:47,73.0
2015-08-05T12:10:53,183.0
2015-08-05T12:39:51,125.0
2015-08-05T12:43:00,89.0
2015-08-05T14:08:46,131.0
2015-08-05T14:17:51,123.0
2015-08-05T14:23:04,86.0
2015-08-05T15:00:10,145.0
2015-08-05T15:55:51,137.0
2015-08-05T16:20:48,148.0
2015-08-05T16:34:47,122.0
2015-08-05T16:47:40,139.0
2015-08-05T17:13:44,90.0
2015-08-05T18:15:29,76.0
2015-08-05T18:34:49,121.0
2015-08-05T18:47:02,134.0
2015-08-05T18:59:45,130.0
2015-08-05T19:27:00,124.0
2015-08-05T20:33:49,191.0
2015-08-05T20:44:57,174.0
2015-08-05T20:53:12,88.0
2015-08-05T22:09:55,125.0
2015-08-05T22:37:44,127.0
2015-08-05T23:47:55,73.0
2015-08-05T00:06:48,136.0
2015-08-05T00:39:52,142.0
2015-08-05T01:17:52,114.0
2015-08-05T02:23:53,120.0
2015-08-05T02:51:49,247.0
2015-08-05T03:50:51,122.0
2015-08-05T04:20:43,142.0
2015-08-05T05:20:46,108.0
2015-08-05T05:48:46,128.0
2015-08-05T06:09:51,145.0
2015-08-05T07:44:17,94.0
2015-08-05T07:52:03,49.0
2015-08-05T08:15:54,95.0
2015-08-05T08:21:59,155.0
2015-08-05T09:56:43,131.0
2015-08-05T09:58:59,118.0
2015-08-05T10:30:52,123.0
2015-08-05T10:34:41,146.0
2015-08-06T10:52:54,130.0
2015-08-06T11:34:07,137.0
2015-08-06T12:09:47,137.0
2015-08-06T12:36:02,129.0
2015-08-06T13:08:01,121.0
2015-08-06T13:24:47,243.0
2015-08-06T13:47:46,129.0
2015-08-06T14:18:41,124.0
2015-08-06T14:37:44,136.0
2015-08-06T14:53:43,120.0
2015-08-06T15:13:49,122.0
2015-08-06T15:40:50,176.0
2015-08-06T16:03:53,111.0
2015-08-06T16:06:34,131.0
2015-08-06T16:34:34,133.0
2015-08-06T16:50:40,90.0
2015-08-06T17:05:38,130.0
2015-08-06T17:35:38,160.0
2015-08-06T17:47:38,142.0
2015-08-06T18:17:31,128.0
2015-08-06T18:24:36,131.0
2015-08-06T18:49:46,162.0
2015-08-06T19:06:53,136.0
2015-08-06T19:24:44,158.0
2015-08-06T19:46:03,143.0
2015-08-06T20:03:53,124.0
2015-08-06T20:23:43,126.0
2015-08-06T20:53:46,120.0
2015-08-06T21:09:43,90.0
2015-08-06T21:36:47,128.0
2015-08-06T22:09:47,74.0
2015-08-06T23:25:20,63.0
2015-08-06T00:18:39,93.0
2015-08-06T01:19:53,134.0
2015-08-06T01:50:38,61.0
2015-08-06T02:48:53,123.0
2015-08-06T03:22:48,124.0
2015-08-06T04:20:44,118.0
2015-08-06T04:48:36,61.0
2015-08-06T05:48:46,197.0
2015-08-06T06:05:41,114.0
2015-08-06T06:41:04,100.0
2015-08-06T06:55:01,107.0
2015-08-06T07:19:52,94.0
2015-08-06T07:44:52,97.0
2015-08-06T08:12:55,109.0
2015-08-06T08:50:07,104.0
2015-08-06T08:57:07,59.0
2015-08-06T09:26:51,135.0
2015-08-06T09:56:50,78.0
2015-08-06T10:29:51,133.0
2015-08-07T10:45:41,58.0
2015-08-07T10:58:52,126.0
2015-08-07T11:27:51,188.0
2015-08-07T11:58:45,136.0
2015-08-07T12:32:50,106.0
2015-08-07T12:56:27,56.0
2015-08-07T13:06:44,82.0
2015-08-07T13:46:01,124.0
2015-08-07T14:07:52,114.0
2015-08-07T14:42:07,91.0
2015-08-07T15:06:38,56.0
2015-08-07T15:14:48,131.0
2015-08-07T15:23:48,141.0
2015-08-07T15:55:49,119.0
2015-08-07T16:19:49,112.0
2015-08-07T16:31:37,57.0
2015-08-07T17:03:28,124.0
2015-08-07T17:21:12,43.0
2015-08-07T17:44:29,81.0
2015-08-07T18:03:33,127.0
2015-08-07T18:34:42,117.0
2015-08-07T18:43:49,86.0
2015-08-07T19:10:45,117.0
2015-08-07T19:35:32,88.0
2015-08-07T19:56:00,90.0
2015-08-07T20:09:28,55.0
2015-08-07T20:47:56,87.0
2015-08-07T21:43:44,67.0
2015-08-07T21:56:46,70.0
2015-08-07T22:39:53,75.0
2015-08-07T23:00:47,122.0
2015-08-07T23:24:55,145.0
2015-08-07T23:40:37,129.0
2015-08-07T06:25:54,78.0
2015-08-07T06:42:56,109.0
2015-08-07T07:09:03,96.0
2015-08-07T08:05:57,98.0
2015-08-07T08:32:00,151.0
2015-08-07T08:47:29,68.0
2015-08-07T08:55:53,99.0
2015-08-07T09:13:57,121.0
2015-08-07T09:48:51,131.0
2015-08-07T10:13:48,123.0
2015-08-08T11:01:58,140.0
2015-08-08T11:42:46,125.0
2015-08-08T12:20:44,79.0
2015-08-08T12:32:02,139.0
2015-08-08T12:42:46,133.0
2015-08-08T13:09:59,75.0
2015-08-08T13:44:48,165.0
2015-08-08T13:54:43,136.0
2015-08-08T14:33:46,121.0
2015-08-08T14:45:49,110.0
2015-08-08T14:51:47,131.0
2015-08-08T15:12:58,127.0
2015-08-08T15:44:44,122.0
2015-08-08T16:06:52,129.0
2015-08-08T16:43:46,127.0
2015-08-08T16:56:45,66.0
2015-08-08T17:05:47,140.0
2015-08-08T17:21:52,76.0
2015-08-08T17:51:58,134.0
2015-08-08T18:51:50,119.0
2015-08-08T18:59:46,137.0
2015-08-08T19:13:47,134.0
2015-08-08T19:35:55,120.0
2015-08-08T19:50:47,119.0
2015-08-08T20:53:49,81.0
2015-08-08T21:06:50,135.0
2015-08-08T21:48:50,119.0
2015-08-08T22:41:58,88.0
2015-08-08T22:54:42,123.0
2015-08-08T23:41:58,129.0
2015-08-08T00:19:46,110.0
2015-08-08T00:43:51,77.0
2015-08-08T00:59:33,181.0
2015-08-08T01:49:55,121.0
2015-08-08T02:21:43,106.0
2015-08-08T03:21:51,113.0
2015-08-08T03:49:53,102.0
2015-08-08T04:52:49,65.0
2015-08-08T05:16:48,99.0
2015-08-08T06:39:09,111.0
2015-08-08T07:01:42,79.0
2015-08-08T08:23:55,79.0
2015-08-08T08:44:47,57.0
2015-08-08T08:55:52,90.0
2015-08-08T09:40:46,96.0
2015-08-08T10:16:52,117.0
2015-08-08T10:30:47,117.0
2015-08-09T10:50:39,135.0
2015-08-09T10:58:48,77.0
2015-08-09T11:10:52,112.0
2015-08-09T11:42:51,121.0
2015-08-09T12:20:41,105.0
2015-08-09T12:30:55,88.0
2015-08-09T12:55:53,230.0
2015-08-09T13:00:56,130.0
2015-08-09T13:15:57,124.0
2015-08-09T13:35:52,97.0
2015-08-09T13:59:39,120.0
2015-08-09T14:35:55,177.0
2015-08-09T14:42:50,168.0
2015-08-09T15:04:49,121.0
2015-08-09T15:12:50,128.0
2015-08-09T15:21:00,126.0
2015-08-09T15:45:07,127.0
2015-08-09T16:04:52,140.0
2015-08-09T16:44:05,114.0
2015-08-09T16:51:39,136.0
2015-08-09T17:14:04,169.0
2015-08-09T17:21:57,136.0
2015-08-09T17:34:02,23.0
2015-08-09T17:56:49,151.0
2015-08-09T18:13:57,132.0
2015-08-09T18:50:10,137.0
2015-08-09T19:00:39,176.0
2015-08-09T19:18:46,126.0
2015-08-09T19:30:50,77.0
2015-08-09T19:41:00,145.0
2015-08-09T19:47:50,134.0
2015-08-09T20:11:54,102.0
2015-08-09T20:48:06,83.0
2015-08-09T21:14:39,69.0
2015-08-09T21:27:49,90.0
2015-08-09T21:42:58,139.0
2015-08-09T22:00:51,72.0
2015-08-09T22:36:57,110.0
2015-08-09T22:56:41,67.0
2015-08-09T23:08:41,119.0
2015-08-09T23:21:53,145.0
2015-08-09T23:36:50,38.0
2015-08-09T00:20:40,66.0
2015-08-09T00:42:55,105.0
2015-08-09T01:49:48,71.0
2015-08-09T02:24:50,89.0
2015-08-09T03:20:48,132.0
2015-08-09T03:48:21,92.0
2015-08-09T04:50:41,107.0
2015-08-09T05:18:51,122.0
2015-08-09T06:38:47,107.0
2015-08-09T07:21:54,112.0
2015-08-09T08:22:51,99.0
2015-08-09T08:54:47,97.0
2015-08-09T09:11:55,83.0
2015-08-09T09:37:51,160.0
2015-08-09T10:15:48,81.0
2015-08-09T10:26:57,73.0
2015-08-10T11:06:54,137.0
2015-08-10T11:15:23,115.0
2015-08-10T11:20:52,133.0
2015-08-10T11:35:32,60.0
2015-08-10T12:01:58,135.0
2015-08-10T12:16:47,165.0
2015-08-10T12:29:52,75.0
2015-08-10T13:14:51,147.0
2015-08-10T13:25:47,127.0
2015-08-10T13:34:56,115.0
2015-08-10T13:48:51,140.0
2015-08-10T14:14:56,150.0
2015-08-10T14:26:59,129.0
2015-08-10T14:42:46,109.0
2015-08-10T15:34:52,129.0
2015-08-10T15:38:47,123.0
2015-08-10T15:43:52,60.0
2015-08-10T15:55:49,85.0
2015-08-10T16:07:45,120.0
2015-08-10T16:34:30,122.0
2015-08-10T16:44:31,141.0
2015-08-10T16:57:29,117.0
2015-08-10T17:49:30,124.0
2015-08-10T17:53:42,130.0
2015-08-10T18:02:57,92.0
2015-08-10T18:15:34,72.0
2015-08-10T18:19:54,168.0
2015-08-10T18:49:02,146.0
2015-08-10T18:55:46,139.0
2015-08-10T19:10:47,127.0
2015-08-10T19:56:41,109.0
2015-08-10T20:09:48,98.0
2015-08-10T20:21:45,120.0
2015-08-10T20:52:48,164.0
2015-08-10T22:07:56,91.0
2015-08-10T22:52:55,93.0
2015-08-10T23:52:49,70.0
2015-08-10T00:19:04,84.0
2015-08-10T00:40:36,77.0
2015-08-10T00:58:00,107.0
2015-08-10T01:50:54,71.0
2015-08-10T02:21:47,105.0
2015-08-10T03:20:59,75.0
2015-08-10T03:51:52,97.0
2015-08-10T04:50:58,80.0
2015-08-10T05:20:53,129.0
2015-08-10T06:55:52,119.0
2015-08-10T07:10:03,110.0
2015-08-10T07:20:55,88.0
2015-08-10T07:48:53,97.0
2015-08-10T08:04:51,153.0
2015-08-10T08:39:00,92.0
2015-08-10T08:55:56,93.0
2015-08-10T09:06:52,118.0
2015-08-10T09:14:48,119.0
2015-08-10T09:25:02,30.0
2015-08-10T10:01:51,126.0
2015-08-10T10:03:49,120.0
2015-08-10T10:12:46,59.0
2015-08-11T10:56:50,130.0
2015-08-11T11:17:47,112.0
2015-08-11T11:46:55,85.0
2015-08-11T11:56:42,125.0
2015-08-11T12:17:49,234.0
2015-08-11T12:26:59,131.0
2015-08-11T12:45:57,148.0
2015-08-11T13:08:01,135.0
2015-08-11T13:29:38,103.0
2015-08-11T14:01:45,97.0
2015-08-11T14:10:56,81.0
2015-08-11T14:24:42,132.0
2015-08-11T14:44:51,154.0
2015-08-11T14:59:07,169.0
2015-08-11T15:14:48,61.0
2015-08-11T15:27:48,120.0
2015-08-11T15:39:43,128.0
2015-08-11T16:10:47,144.0
2015-08-11T16:22:43,150.0
2015-08-11T16:30:36,121.0
2015-08-11T16:43:29,135.0
2015-08-11T17:00:57,104.0
2015-08-11T17:14:36,134.0
2015-08-11T17:31:40,98.0
2015-08-11T17:37:35,129.0
2015-08-11T17:54:42,90.0
2015-08-11T18:25:29,81.0
2015-08-11T18:35:06,140.0
2015-08-11T19:03:02,80.0
2015-08-11T19:04:41,128.0
2015-08-11T19:13:49,118.0
2015-08-11T19:28:02,131.0
2015-08-11T19:47:55,90.0
2015-08-11T19:49:53,117.0
2015-08-11T20:32:44,122.0
2015-08-11T20:44:44,126.0
2015-08-11T21:54:40,78.0
2015-08-11T22:20:51,127.0
2015-08-11T22:37:43,124.0
2015-08-11T22:56:49,121.0
2015-08-11T23:34:42,144.0
2015-08-11T23:56:52,137.0
2015-08-11T00:40:53,154.0
2015-08-11T01:24:54,75.0
2015-08-11T02:20:55,144.0
2015-08-11T02:50:54,132.0
2015-08-11T03:52:57,339.0
2015-08-11T04:21:52,73.0
2015-08-11T05:20:47,129.0
2015-08-11T05:47:51,125.0
2015-08-11T06:43:52,89.0
2015-08-11T07:30:57,96.0
2015-08-11T07:53:54,93.0
2015-08-11T08:05:07,68.0
2015-08-11T08:23:03,120.0
2015-08-11T08:40:54,108.0
2015-08-11T08:49:52,95.0
2015-08-11T09:10:43,124.0
2015-08-11T09:31:48,121.0
2015-08-11T09:47:55,127.0
2015-08-11T10:06:50,122.0
2015-08-11T10:14:50,129.0
2015-08-11T10:40:47,190.0
2015-08-12T11:05:43,116.0
2015-08-12T11:44:57,1706.0
2015-08-12T11:18:42,66.0
2015-08-12T11:24:41,110.0
2015-08-12T12:03:19,148.0
2015-08-12T12:31:58,149.0
2015-08-12T12:37:48,132.0
2015-08-12T13:04:55,146.0
2015-08-12T13:18:51,132.0
2015-08-12T13:28:41,122.0
2015-08-12T13:39:41,118.0
2015-08-12T14:04:09,130.0
2015-08-12T14:29:01,83.0
2015-08-12T14:47:56,132.0
2015-08-12T14:52:00,79.0
2015-08-12T15:13:58,130.0
2015-08-12T15:37:54,120.0
2015-08-12T15:39:54,117.0
2015-08-12T15:49:58,82.0
2015-08-12T16:21:34,119.0
2015-08-12T16:27:31,160.0
2015-08-12T16:50:48,155.0
2015-08-12T16:57:50,83.0
2015-08-12T17:16:29,118.0
2015-08-12T17:30:37,114.0
2015-08-12T17:52:31,128.0
2015-08-12T18:02:26,100.0
2015-08-12T18:03:59,95.0
2015-08-12T18:39:56,75.0
2015-08-12T18:45:52,134.0
2015-08-12T19:00:51,57.0
2015-08-12T19:17:00,145.0
2015-08-12T19:25:44,166.0
2015-08-12T19:41:37,127.0
2015-08-12T20:07:46,127.0
2015-08-12T20:10:22,110.0
2015-08-12T20:39:51,113.0
2015-08-12T21:05:57,92.0
2015-08-12T21:28:50,90.0
2015-08-12T22:51:42,140.0
2015-08-12T23:07:42,93.0
2015-08-12T00:18:43,69.0
2015-08-12T00:33:58,136.0
2015-08-12T01:19:44,60.0
2015-08-12T01:50:42,61.0
2015-08-12T02:27:24,54.0
2015-08-12T02:50:52,220.0
2015-08-12T03:20:45,65.0
2015-08-12T03:46:56,129.0
2015-08-12T04:21:44,71.0
2015-08-12T04:49:44,68.0
2015-08-12T05:19:45,61.0
2015-08-12T05:45:46,66.0
2015-08-12T06:08:49,93.0
2015-08-12T06:41:19,114.0
2015-08-12T06:56:55,97.0
2015-08-12T07:09:27,69.0
2015-08-12T10:13:57,115.0
2015-08-13T10:42:47,115.0
2015-08-13T11:10:44,108.0
2015-08-13T11:17:39,115.0
2015-08-13T11:23:58,135.0
2015-08-13T11:34:02,143.0
2015-08-13T12:44:49,188.0
2015-08-13T12:54:52,128.0
2015-08-13T13:16:49,125.0
2015-08-13T13:24:21,166.0
2015-08-13T13:34:41,134.0
2015-08-13T13:50:47,75.0
2015-08-13T14:58:50,115.0
2015-08-13T15:05:50,122.0
2015-08-13T15:31:43,122.0
2015-08-13T15:39:48,129.0
2015-08-13T15:50:58,172.0
2015-08-13T15:58:50,127.0
2015-08-13T16:07:50,208.0
2015-08-13T16:33:28,132.0
2015-08-13T17:15:44,133.0
2015-08-13T17:20:34,127.0
2015-08-13T17:52:29,137.0
2015-08-13T17:54:29,119.0
2015-08-13T18:04:38,99.0
2015-08-13T18:17:35,134.0
2015-08-13T18:21:32,106.0
2015-08-13T18:48:44,87.0
2015-08-13T19:31:54,137.0
2015-08-13T19:34:52,133.0
2015-08-13T20:03:59,80.0
2015-08-13T20:09:46,78.0
2015-08-13T20:27:52,128.0
2015-08-13T21:38:46,120.0
2015-08-13T22:06:53,145.0
2015-08-13T22:52:51,139.0
2015-08-13T23:26:50,107.0
2015-08-13T00:39:56,135.0
2015-08-13T02:23:47,105.0
2015-08-13T03:51:51,124.0
2015-08-13T05:23:48,114.0
2015-08-13T06:28:50,119.0
2015-08-13T06:54:52,91.0
2015-08-13T07:09:44,88.0
2015-08-13T07:18:08,106.0
2015-08-13T08:21:06,60.0
2015-08-13T08:43:11,176.0
2015-08-13T09:04:54,128.0
2015-08-13T09:06:43,121.0
2015-08-13T09:20:45,133.0
2015-08-13T09:23:57,121.0
2015-08-13T10:32:55,123.0
2015-08-14T10:54:47,132.0
2015-08-14T11:09:56,118.0
2015-08-14T11:39:50,119.0
2015-08-14T11:45:44,109.0
2015-08-14T12:01:42,139.0
2015-08-14T12:10:53,137.0
2015-08-14T12:17:43,237.0
2015-08-14T13:06:50,81.0
2015-08-14T13:15:56,121.0
2015-08-14T13:53:46,129.0
2015-08-14T14:08:48,126.0
2015-08-14T14:09:47,72.0
2015-08-14T14:14:53,75.0
2015-08-14T14:23:43,117.0
2015-08-14T15:15:14,91.0
2015-08-14T15:31:02,134.0
2015-08-14T16:00:02,134.0
2015-08-14T16:05:48,212.0
2015-08-14T16:14:30,73.0
2015-08-14T16:15:32,77.0
2015-08-14T16:31:35,136.0
2015-08-14T16:34:43,163.0
2015-08-14T16:43:30,126.0
2015-08-14T17:38:38,222.0
2015-08-14T17:53:54,136.0
2015-08-14T18:26:28,121.0
2015-08-14T18:26:32,122.0
2015-08-14T18:28:27,120.0
2015-08-14T18:38:59,156.0
2015-08-14T18:46:42,165.0
2015-08-14T18:47:52,168.0
2015-08-14T19:01:43,121.0
2015-08-14T19:46:43,118.0
2015-08-14T19:57:59,133.0
2015-08-14T20:31:46,133.0
2015-08-14T20:33:58,144.0
2015-08-14T20:44:42,136.0
2015-08-14T20:52:48,125.0
2015-08-14T22:14:48,64.0
2015-08-14T22:23:58,139.0
2015-08-14T22:40:46,86.0
2015-08-14T22:53:28,60.0
2015-08-14T23:59:41,60.0
2015-08-14T00:41:40,154.0
2015-08-14T00:57:45,102.0
2015-08-14T02:06:39,90.0
2015-08-14T02:20:39,108.0
2015-08-14T03:22:51,116.0
2015-08-14T03:49:42,95.0
2015-08-14T04:52:45,187.0
2015-08-14T05:22:43,74.0
2015-08-14T06:42:55,97.0
2015-08-14T06:56:08,28.0
2015-08-14T07:18:52,133.0
2015-08-14T07:31:52,115.0
2015-08-14T07:45:50,90.0
2015-08-14T07:51:10,129.0
2015-08-14T08:40:59,60.0
2015-08-14T08:46:54,91.0
2015-08-14T08:54:39,68.0
2015-08-14T09:23:54,89.0
2015-08-14T09:34:46,148.0
2015-08-14T09:46:51,120.0
2015-08-14T09:57:50,138.0
2015-08-14T10:09:47,120.0
2015-08-15T11:12:03,119.0
2015-08-15T11:22:53,122.0
2015-08-15T11:37:25,87.0
2015-08-15T11:53:17,92.0
2015-08-15T12:02:13,139.0
2015-08-15T13:12:59,169.0
2015-08-15T13:23:56,65.0
2015-08-15T13:32:44,121.0
2015-08-15T14:00:48,157.0
2015-08-15T14:27:54,140.0
2015-08-15T14:18:55,65.0
2015-08-15T15:25:02,138.0
2015-08-15T15:34:02,136.0
2015-08-15T15:42:41,167.0
2015-08-15T15:53:46,113.0
2015-08-15T16:21:00,80.0
2015-08-15T16:22:11,138.0
2015-08-15T17:33:47,119.0
2015-08-15T17:49:51,118.0
2015-08-15T17:51:52,130.0
2015-08-15T18:40:55,128.0
2015-08-15T18:26:47,111.0
2015-08-15T19:44:02,83.0
2015-08-15T19:50:55,127.0
2015-08-15T20:26:05,36.0
2015-08-15T21:31:57,141.0
2015-08-15T21:45:50,151.0
2015-08-15T22:10:56,111.0
2015-08-15T22:49:50,70.0
2015-08-15T23:23:52,71.0
2015-08-15T23:37:56,128.0
2015-08-15T00:05:42,118.0
2015-08-15T00:23:41,91.0
2015-08-15T00:37:46,97.0
2015-08-15T01:22:47,49.0
2015-08-15T01:48:46,108.0
2015-08-15T02:21:44,106.0
2015-08-15T02:52:52,115.0
2015-08-15T03:21:58,68.0
2015-08-15T04:18:51,73.0
2015-08-15T04:51:51,78.0
2015-08-15T05:47:49,76.0
2015-08-15T06:19:41,92.0
2015-08-15T07:22:45,144.0
2015-08-15T07:41:48,85.0
2015-08-15T07:51:31,92.0
2015-08-15T08:07:54,88.0
2015-08-15T09:11:45,126.0
2015-08-15T09:31:56,127.0
2015-08-15T09:53:46,134.0
2015-08-15T10:04:17,100.0
2015-08-16T10:53:04,147.0
2015-08-16T11:55:09,165.0
2015-08-16T12:54:58,121.0
2015-08-16T14:16:07,131.0
2015-08-16T14:22:05,30.0
2015-08-16T15:08:49,129.0
2015-08-16T17:32:14,92.0
2015-08-16T18:55:55,150.0
2015-08-16T19:00:08,148.0
2015-08-16T19:17:53,125.0
2015-08-16T19:30:01,146.0
2015-08-16T20:42:57,109.0
2015-08-16T20:47:49,61.0
2015-08-16T21:07:50,119.0
2015-08-16T21:16:46,142.0
2015-08-16T21:29:47,162.0
2015-08-16T22:23:44,134.0
2015-08-16T22:34:48,136.0
2015-08-16T23:07:49,129.0
2015-08-16T23:21:49,79.0
2015-08-16T00:40:49,82.0
2015-08-16T01:03:47,118.0
2015-08-16T02:20:49,80.0
2015-08-16T03:52:52,101.0
2015-08-16T05:22:52,154.0
2015-08-16T06:58:49,128.0
2015-08-16T07:19:51,104.0
2015-08-16T08:09:57,137.0
2015-08-16T08:43:45,115.0
2015-08-16T09:10:48,90.0
2015-08-16T10:07:00,126.0
2015-08-17T11:33:57,104.0
2015-08-17T11:45:57,71.0
2015-08-17T12:05:01,146.0
2015-08-17T12:24:55,76.0
2015-08-17T13:34:47,120.0
2015-08-17T13:56:57,94.0
2015-08-17T14:14:43,142.0
2015-08-17T14:34:47,148.0
2015-08-17T14:40:49,121.0
2015-08-17T15:52:45,120.0
2015-08-17T16:14:31,170.0
2015-08-17T16:26:33,156.0
2015-08-17T16:36:55,152.0
2015-08-17T16:48:30,156.0
2015-08-17T17:01:37,121.0
2015-08-17T18:11:49,140.0
2015-08-17T18:27:41,140.0
2015-08-17T18:47:46,119.0
2015-08-17T18:49:40,145.0
2015-08-17T19:06:47,77.0
2015-08-17T19:11:51,129.0
2015-08-17T20:19:47,121.0
2015-08-17T20:32:43,71.0
2015-08-17T20:53:51,112.0
2015-08-17T21:07:22,60.0
2015-08-17T22:01:44,119.0
2015-08-17T22:26:43,112.0
2015-08-17T22:52:02,107.0
2015-08-17T23:51:52,134.0
2015-08-17T00:04:57,123.0
2015-08-17T00:25:53,137.0
2015-08-17T00:58:45,112.0
2015-08-17T01:48:44,72.0
2015-08-17T03:21:38,340.0
2015-08-17T04:50:10,101.0
2015-08-17T07:12:35,73.0
2015-08-17T07:41:55,93.0
2015-08-17T08:08:54,154.0
2015-08-17T09:23:55,140.0
2015-08-17T09:35:48,147.0
2015-08-17T09:58:59,124.0
2015-08-17T10:14:52,125.0
2015-08-18T10:43:15,97.0
2015-08-18T10:55:48,166.0
2015-08-18T11:08:50,84.0
2015-08-18T11:25:54,100.0
2015-08-18T11:48:14,47.0
2015-08-18T11:50:01,140.0
2015-08-18T12:55:48,130.0
2015-08-18T13:06:51,147.0
2015-08-18T13:14:04,125.0
2015-08-18T13:33:53,122.0
2015-08-18T13:51:57,135.0
2015-08-18T13:59:52,136.0
2015-08-18T15:04:54,125.0
2015-08-18T15:14:50,66.0
2015-08-18T15:39:42,30.0
2015-08-18T15:47:47,121.0
2015-08-18T16:01:45,58.0
2015-08-18T16:05:31,125.0
2015-08-18T16:11:38,83.0
2015-08-18T17:23:48,81.0
2015-08-18T17:29:54,83.0
2015-08-18T17:49:36,131.0
2015-08-18T18:07:33,161.0
2015-08-18T18:12:39,193.0
2015-08-18T18:17:35,77.0
2015-08-18T18:30:38,70.0
2015-08-18T19:43:47,122.0
2015-08-18T19:48:59,89.0
2015-08-18T20:06:48,127.0
2015-08-18T20:10:10,103.0
2015-08-18T20:25:53,110.0
2015-08-18T20:35:02,85.0
2015-08-18T21:50:51,109.0
2015-08-18T22:05:52,162.0
2015-08-18T22:21:52,149.0
2015-08-18T22:38:43,86.0
2015-08-18T22:49:45,146.0
2015-08-18T23:28:46,65.0
2015-08-18T00:05:44,68.0
2015-08-18T01:20:49,135.0
2015-08-18T02:50:46,155.0
2015-08-18T04:24:48,99.0
2015-08-18T05:48:46,136.0
2015-08-18T06:27:46,119.0
2015-08-18T06:44:21,122.0
2015-08-18T06:57:01,92.0
2015-08-18T07:10:58,67.0
2015-08-18T07:22:58,93.0
2015-08-18T07:36:56,95.0
2015-08-18T08:33:07,110.0
2015-08-18T08:43:02,165.0
2015-08-18T08:53:13,156.0
2015-08-18T08:57:04,149.0
2015-08-18T09:20:00,121.0
2015-08-18T09:28:52,78.0
2015-08-18T09:37:04,82.0
2015-08-19T11:28:07,199.0
2015-08-19T11:47:54,123.0
2015-08-19T12:05:46,71.0
2015-08-19T12:36:41,126.0
2015-08-19T12:44:42,120.0
2015-08-19T13:35:04,96.0
2015-08-19T13:55:52,181.0
2015-08-19T14:15:11,152.0
2015-08-19T14:35:57,28.0
2015-08-19T14:52:46,126.0
2015-08-19T14:58:41,69.0
2015-08-19T15:56:43,136.0
2015-08-19T16:16:35,127.0
2015-08-19T16:34:33,136.0
2015-08-19T16:48:38,135.0
2015-08-19T17:10:36,98.0
2015-08-19T17:14:27,149.0
2015-08-19T18:01:52,86.0
2015-08-19T18:29:31,127.0
2015-08-19T19:00:51,125.0
2015-08-19T19:05:51,106.0
2015-08-19T19:23:54,141.0
2015-08-19T19:26:48,132.0
2015-08-19T20:12:47,83.0
2015-08-19T20:34:53,71.0
2015-08-19T20:51:43,126.0
2015-08-19T21:08:31,60.0
2015-08-19T21:27:57,139.0
2015-08-19T22:28:42,75.0
2015-08-19T23:07:54,142.0
2015-08-19T23:55:52,131.0
2015-08-19T00:02:25,60.0
2015-08-19T00:19:50,90.0
2015-08-19T00:36:27,60.0
2015-08-19T01:07:49,74.0
2015-08-19T01:51:43,124.0
2015-08-19T02:17:51,149.0
2015-08-19T03:46:53,160.0
2015-08-19T05:17:47,90.0
2015-08-19T06:08:49,95.0
2015-08-19T07:30:32,120.0
2015-08-19T07:46:00,89.0
2015-08-19T08:16:45,168.0
2015-08-19T08:23:08,98.0
2015-08-19T09:21:45,120.0
2015-08-19T09:31:49,121.0
2015-08-19T09:51:59,139.0
2015-08-19T10:24:49,88.0
2015-08-19T10:33:49,122.0
2015-08-20T10:45:43,74.0
2015-08-20T11:09:08,141.0
2015-08-20T11:27:42,131.0
2015-08-20T11:44:50,123.0
2015-08-20T12:08:11,148.0
2015-08-20T12:16:42,123.0
2015-08-20T12:37:48,133.0
2015-08-20T12:55:39,179.0
2015-08-20T13:10:55,89.0
2015-08-20T13:33:03,102.0
2015-08-20T13:58:05,134.0
2015-08-20T14:15:56,126.0
2015-08-20T14:27:46,68.0
2015-08-20T14:52:51,128.0
2015-08-20T15:05:47,136.0
2015-08-20T15:22:04,188.0
2015-08-20T15:36:27,102.0
2015-08-20T16:05:32,70.0
2015-08-20T16:17:32,122.0
2015-08-20T16:32:37,139.0
2015-08-20T16:35:35,169.0
2015-08-20T16:45:29,122.0
2015-08-20T17:20:42,185.0
2015-08-20T17:21:35,130.0
2015-08-20T17:47:50,104.0
2015-08-20T17:56:45,136.0
2015-08-20T18:25:57,127.0
2015-08-20T18:22:40,136.0
2015-08-20T18:27:32,112.0
2015-08-20T18:37:54,126.0
2015-08-20T18:54:48,117.0
2015-08-20T18:59:01,38.0
2015-08-20T19:25:57,86.0
2015-08-20T19:42:55,135.0
2015-08-20T19:53:46,119.0
2015-08-20T19:59:48,123.0
2015-08-20T20:12:50,142.0
2015-08-20T20:22:54,89.0
2015-08-20T20:26:16,89.0
2015-08-20T20:56:52,146.0
2015-08-20T21:35:00,146.0
2015-08-20T21:38:55,72.0
2015-08-20T21:54:46,139.0
2015-08-20T22:09:47,135.0
2015-08-20T22:24:44,116.0
2015-08-20T22:36:53,74.0
2015-08-20T22:53:47,124.0
2015-08-20T23:16:49,131.0
2015-08-20T23:23:50,73.0
2015-08-20T23:34:47,75.0
2015-08-20T01:16:01,75.0
2015-08-20T02:52:42,60.0
2015-08-20T04:22:46,74.0
2015-08-20T05:49:43,62.0
2015-08-20T06:08:56,152.0
2015-08-20T06:26:14,91.0
2015-08-20T06:55:57,85.0
2015-08-20T07:11:04,60.0
2015-08-20T07:34:53,108.0
2015-08-20T07:42:02,94.0
2015-08-20T07:54:46,92.0
2015-08-20T08:16:57,107.0
2015-08-20T08:30:56,108.0
2015-08-20T08:56:52,89.0
2015-08-20T09:15:43,125.0
2015-08-20T09:32:08,174.0
2015-08-20T10:03:35,60.0
2015-08-20T10:24:45,176.0
2015-08-21T10:42:44,130.0
2015-08-21T12:22:57,65.0
2015-08-21T12:41:04,72.0
2015-08-21T12:50:08,186.0
2015-08-21T12:55:58,139.0
2015-08-21T14:30:55,139.0
2015-08-21T14:38:52,177.0
2015-08-21T14:49:51,140.0
2015-08-21T14:59:44,141.0
2015-08-21T15:08:51,107.0
2015-08-21T15:31:47,121.0
2015-08-21T15:59:50,122.0
2015-08-21T16:33:33,129.0
2015-08-21T16:49:36,129.0
2015-08-21T16:50:39,132.0
2015-08-21T17:16:38,135.0
2015-08-21T17:17:06,171.0
2015-08-21T17:22:39,139.0
2015-08-21T17:42:35,169.0
2015-08-21T18:22:37,125.0
2015-08-21T18:47:39,123.0
2015-08-21T19:04:49,132.0
2015-08-21T19:07:01,92.0
2015-08-21T19:22:55,133.0
2015-08-21T19:26:53,85.0
2015-08-21T19:42:01,135.0
2015-08-21T19:58:51,125.0
2015-08-21T20:24:50,65.0
2015-08-21T21:13:51,161.0
2015-08-21T21:30:57,88.0
2015-08-21T21:54:56,123.0
2015-08-21T21:49:45,120.0
2015-08-21T22:07:48,59.0
2015-08-21T22:52:47,101.0
2015-08-21T23:11:55,184.0
2015-08-21T23:28:51,98.0
2015-08-21T23:35:51,76.0
2015-08-21T23:55:57,93.0
2015-08-21T00:02:48,122.0
2015-08-21T00:19:29,104.0
2015-08-21T00:40:07,61.0
2015-08-21T01:07:50,99.0
2015-08-21T01:51:46,100.0
2015-08-21T02:23:49,120.0
2015-08-21T03:21:48,122.0
2015-08-21T03:49:46,108.0
2015-08-21T04:50:41,60.0
2015-08-21T05:19:53,69.0
2015-08-21T06:13:47,116.0
2015-08-21T06:25:54,131.0
2015-08-21T07:50:56,102.0
2015-08-21T08:15:59,90.0
2015-08-21T08:20:08,110.0
2015-08-21T08:34:05,117.0
2015-08-21T10:02:39,60.0
2015-08-21T10:25:02,127.0
2015-08-21T10:35:42,123.0
2015-08-22T10:48:59,143.0
2015-08-22T11:11:52,67.0
2015-08-22T11:35:43,154.0
2015-08-22T11:55:21,92.0
2015-08-22T12:31:51,175.0
2015-08-22T12:51:04,88.0
2015-08-22T13:14:54,124.0
2015-08-22T13:47:00,127.0
2015-08-22T13:48:51,126.0
2015-08-22T14:05:46,66.0
2015-08-22T14:43:55,118.0
2015-08-22T15:02:02,85.0
2015-08-22T15:24:06,87.0
2015-08-22T16:05:48,115.0
2015-08-22T16:16:59,91.0
2015-08-22T16:57:43,124.0
2015-08-22T17:10:57,130.0
2015-08-22T17:36:44,88.0
2015-08-22T17:57:52,125.0
2015-08-22T18:02:50,77.0
2015-08-22T18:21:42,128.0
2015-08-22T18:58:57,85.0
2015-08-22T19:20:51,136.0
2015-08-22T19:37:44,123.0
2015-08-22T19:49:54,138.0
2015-08-22T19:58:47,135.0
2015-08-22T20:26:54,92.0
2015-08-22T21:16:44,141.0
2015-08-22T21:34:45,97.0
2015-08-22T21:45:50,132.0
2015-08-22T22:10:43,136.0
2015-08-22T23:05:52,127.0
2015-08-22T23:20:38,116.0
2015-08-22T23:39:46,156.0
2015-08-22T23:56:54,136.0
2015-08-22T00:44:49,148.0
2015-08-22T01:12:47,144.0
2015-08-22T01:22:40,105.0
2015-08-22T02:23:40,90.0
2015-08-22T02:49:50,110.0
2015-08-22T03:51:46,106.0
2015-08-22T04:20:01,94.0
2015-08-22T05:19:41,71.0
2015-08-22T05:48:45,65.0
2015-08-22T06:16:56,91.0
2015-08-22T06:38:51,101.0
2015-08-22T07:20:44,64.0
2015-08-22T07:39:44,150.0
2015-08-22T07:52:45,117.0
2015-08-22T08:23:44,112.0
2015-08-22T09:09:56,76.0
2015-08-22T09:23:50,89.0
2015-08-22T09:49:46,119.0
2015-08-22T10:26:51,133.0
2015-08-23T10:38:42,139.0
2015-08-23T10:58:59,69.0
2015-08-23T11:22:43,138.0
2015-08-23T11:39:53,73.0
2015-08-23T11:53:58,80.0
2015-08-23T12:39:42,114.0
2015-08-23T13:25:56,71.0
2015-08-23T13:58:02,189.0
2015-08-23T14:09:24,152.0
2015-08-23T14:54:39,132.0
2015-08-23T15:35:38,141.0
2015-08-23T16:03:37,60.0
2015-08-23T16:18:48,90.0
2015-08-23T17:07:43,175.0
2015-08-23T17:43:44,65.0
2015-08-23T18:10:47,63.0
2015-08-23T18:20:47,132.0
2015-08-23T19:16:50,129.0
2015-08-23T20:11:00,120.0
2015-08-23T20:20:50,113.0
2015-08-23T21:11:50,161.0
2015-08-23T21:59:49,60.0
2015-08-23T22:10:14,147.0
2015-08-23T22:51:46,126.0
2015-08-23T23:52:53,93.0
2015-08-23T00:57:50,88.0
2015-08-23T01:34:06,84.0
2015-08-23T02:51:56,121.0
2015-08-23T04:18:55,121.0
2015-08-23T05:48:54,114.0
2015-08-23T06:15:53,60.0
2015-08-23T06:59:41,162.0
2015-08-23T07:55:46,106.0
2015-08-23T08:39:24,60.0
2015-08-23T08:57:51,62.0
2015-08-23T09:37:49,141.0
2015-08-23T09:50:01,89.0
2015-08-24T11:12:47,131.0
2015-08-24T12:05:00,204.0
2015-08-24T12:06:57,191.0
2015-08-24T12:25:47,134.0
2015-08-24T12:36:54,137.0
2015-08-24T13:29:18,87.0
2015-08-24T14:07:43,125.0
2015-08-24T14:14:46,128.0
2015-08-24T14:38:43,62.0
2015-08-24T14:40:52,120.0
2015-08-24T14:50:53,194.0
2015-08-24T15:23:00,132.0
2015-08-24T15:40:37,115.0
2015-08-24T16:18:40,30.0
2015-08-24T16:32:30,80.0
2015-08-24T16:49:39,162.0
2015-08-24T17:00:24,60.0
2015-08-24T17:09:36,128.0
2015-08-24T17:20:01,1304.0
2015-08-24T17:42:44,164.0
2015-08-24T17:56:36,65.0
2015-08-24T18:40:03,41.0
2015-08-24T18:42:43,120.0
2015-08-24T18:45:48,124.0
2015-08-24T19:03:54,33.0
2015-08-24T19:11:53,133.0
2015-08-24T19:19:56,84.0
2015-08-24T19:37:41,123.0
2015-08-24T19:51:53,134.0
2015-08-24T20:40:58,86.0
2015-08-24T20:53:42,77.0
2015-08-24T21:07:46,150.0
2015-08-24T21:26:50,97.0
2015-08-24T21:45:38,116.0
2015-08-24T21:52:50,91.0
2015-08-24T22:37:49,126.0
2015-08-24T23:06:50,86.0
2015-08-24T23:24:40,63.0
2015-08-24T23:35:44,80.0
2015-08-24T23:49:55,131.0
2015-08-24T00:38:25,60.0
2015-08-24T01:20:52,139.0
2015-08-24T02:20:42,130.0
2015-08-24T02:49:53,162.0
2015-08-24T03:53:44,107.0
2015-08-24T04:19:52,283.0
2015-08-24T05:20:42,123.0
2015-08-24T05:47:58,131.0
2015-08-24T06:07:50,106.0
2015-08-24T07:48:27,131.0
2015-08-24T08:08:16,117.0
2015-08-24T08:10:59,145.0
2015-08-24T09:06:40,120.0
2015-08-24T09:41:52,75.0
2015-08-24T09:54:46,123.0
2015-08-24T10:15:47,141.0
2015-08-24T10:23:46,121.0
2015-08-25T11:15:44,160.0
2015-08-25T11:26:51,87.0
2015-08-25T11:33:45,119.0
2015-08-25T11:49:57,120.0
2015-08-25T12:07:16,157.0
2015-08-25T12:14:55,81.0
2015-08-25T13:28:42,177.0
2015-08-25T13:37:38,139.0
2015-08-25T13:39:58,135.0
2015-08-25T14:00:25,148.0
2015-08-25T14:16:51,144.0
2015-08-25T14:23:46,147.0
2015-08-25T15:22:46,131.0
2015-08-25T15:42:46,141.0
2015-08-25T15:47:08,127.0
2015-08-25T16:00:42,124.0
2015-08-25T16:03:48,116.0
2015-08-25T16:15:42,86.0
2015-08-25T16:31:44,84.0
2015-08-25T16:36:38,157.0
2015-08-25T16:48:24,60.0
2015-08-25T17:38:32,80.0
2015-08-25T17:55:29,145.0
2015-08-25T18:04:38,125.0
2015-08-25T18:18:30,114.0
2015-08-25T18:22:50,128.0
2015-08-25T18:26:28,121.0
2015-08-25T18:42:38,120.0
2015-08-25T19:04:54,154.0
2015-08-25T18:57:00,72.0
2015-08-25T19:50:39,139.0
2015-08-25T20:10:03,150.0
2015-08-25T20:27:40,174.0
2015-08-25T20:29:44,122.0
2015-08-25T20:53:46,127.0
2015-08-25T21:53:46,159.0
2015-08-25T22:13:02,6.0
2015-08-25T22:21:56,80.0
2015-08-25T22:36:44,80.0
2015-08-25T23:35:45,118.0
2015-08-25T23:53:51,128.0
2015-08-25T23:59:53,155.0
2015-08-25T00:18:41,94.0
2015-08-25T00:59:52,132.0
2015-08-25T01:20:56,75.0
2015-08-25T01:50:43,65.0
2015-08-25T02:50:47,100.0
2015-08-25T03:20:41,62.0
2015-08-25T04:21:51,134.0
2015-08-25T04:49:46,65.0
2015-08-25T05:48:50,61.0
2015-08-25T07:15:21,139.0
2015-08-25T07:19:51,86.0
2015-08-25T07:34:26,90.0
2015-08-25T07:45:49,92.0
2015-08-25T07:56:47,91.0
2015-08-25T09:05:01,129.0
2015-08-25T09:15:48,129.0
2015-08-25T09:22:57,78.0
2015-08-25T09:32:44,99.0
2015-08-25T09:57:48,136.0
2015-08-25T10:01:42,123.0
2015-08-26T10:53:03,31.0
2015-08-26T11:33:10,143.0
2015-08-26T11:45:47,134.0
2015-08-26T11:53:47,163.0
2015-08-26T12:11:01,134.0
2015-08-26T12:45:01,80.0
2015-08-26T13:11:48,120.0
2015-08-26T13:47:55,128.0
2015-08-26T13:56:49,124.0
2015-08-26T14:07:04,144.0
2015-08-26T13:56:57,76.0
2015-08-26T14:58:46,116.0
2015-08-26T15:16:54,24.0
2015-08-26T16:06:11,104.0
2015-08-26T16:10:49,129.0
2015-08-26T16:25:48,36.0
2015-08-26T17:20:37,65.0
2015-08-26T18:06:48,129.0
2015-08-26T18:21:37,128.0
2015-08-26T18:31:42,143.0
2015-08-26T18:32:57,136.0
2015-08-26T19:26:48,144.0
2015-08-26T20:33:54,73.0
2015-08-26T20:42:57,28.0
2015-08-26T22:22:54,76.0
2015-08-26T23:51:50,113.0
2015-08-26T00:18:47,90.0
2015-08-26T01:20:57,150.0
2015-08-26T01:49:41,63.0
2015-08-26T02:53:48,146.0
2015-08-26T03:20:37,60.0
2015-08-26T04:19:52,84.0
2015-08-26T04:48:43,65.0
2015-08-26T05:48:49,122.0
2015-08-26T06:43:49,99.0
2015-08-26T07:21:10,80.0
2015-08-26T07:29:58,108.0
2015-08-26T07:49:58,101.0
2015-08-26T08:28:00,112.0
2015-08-26T08:53:53,91.0
2015-08-26T09:23:50,118.0
2015-08-26T09:32:47,70.0
2015-08-26T09:43:00,81.0
2015-08-26T10:00:06,81.0
2015-08-26T10:32:46,129.0
2015-08-27T11:07:45,127.0
2015-08-27T11:24:45,124.0
2015-08-27T12:15:49,109.0
2015-08-27T13:11:45,120.0
2015-08-27T13:35:45,128.0
2015-08-27T14:15:51,139.0
2015-08-27T14:58:52,125.0
2015-08-27T14:37:43,194.0
2015-08-27T15:32:15,91.0
2015-08-27T15:33:52,133.0
2015-08-27T15:50:45,132.0
2015-08-27T15:57:09,100.0
2015-08-27T16:21:34,150.0
2015-08-27T16:27:48,90.0
2015-08-27T16:49:25,123.0
2015-08-27T17:42:40,122.0
2015-08-27T17:54:42,155.0
2015-08-27T18:18:40,117.0
2015-08-27T18:20:31,122.0
2015-08-27T18:40:03,145.0
2015-08-27T18:47:51,126.0
2015-08-27T19:13:04,181.0
2015-08-27T19:53:04,132.0
2015-08-27T20:01:42,120.0
2015-08-27T20:19:47,127.0
2015-08-27T20:24:52,74.0
2015-08-27T20:43:51,159.0
2015-08-27T21:10:00,27.0
2015-08-27T21:53:48,153.0
2015-08-27T22:06:48,109.0
2015-08-27T22:36:53,90.0
2015-08-27T23:34:57,152.0
2015-08-27T23:53:46,61.0
2015-08-27T01:20:46,75.0
2015-08-27T02:49:55,90.0
2015-08-27T04:21:50,69.0
2015-08-27T05:47:51,161.0
2015-08-27T06:55:50,99.0
2015-08-27T07:11:10,100.0
2015-08-27T07:48:23,116.0
2015-08-27T08:45:02,156.0
2015-08-27T08:59:11,35.0
2015-08-27T09:16:49,122.0
2015-08-27T09:44:48,65.0
2015-08-27T09:57:51,153.0
2015-08-28T11:22:46,119.0
2015-08-28T11:24:01,185.0
2015-08-28T11:49:09,193.0
2015-08-28T12:24:59,71.0
2015-08-28T12:54:48,162.0
2015-08-28T13:14:02,96.0
2015-08-28T13:28:52,80.0
2015-08-28T14:53:56,138.0
2015-08-28T15:00:55,138.0
2015-08-28T15:28:47,121.0
2015-08-28T15:30:18,147.0
2015-08-28T15:39:05,129.0
2015-08-28T15:53:46,112.0
2015-08-28T16:43:49,94.0
2015-08-28T17:06:32,136.0
2015-08-28T17:19:54,81.0
2015-08-28T17:40:35,136.0
2015-08-28T17:54:43,132.0
2015-08-28T17:54:51,136.0
2015-08-28T18:14:36,80.0
2015-08-28T18:44:50,137.0
2015-08-28T19:14:56,71.0
2015-08-28T19:29:57,84.0
2015-08-28T19:52:59,95.0
2015-08-28T19:58:09,87.0
2015-08-28T20:21:54,75.0
2015-08-28T21:53:50,161.0
2015-08-28T22:12:50,90.0
2015-08-28T22:56:51,67.0
2015-08-28T23:37:26,60.0
2015-08-28T00:18:46,72.0
2015-08-28T01:18:55,121.0
2015-08-28T01:50:56,71.0
2015-08-28T02:51:53,120.0
2015-08-28T03:20:48,64.0
2015-08-28T04:18:39,98.0
2015-08-28T04:51:48,101.0
2015-08-28T05:49:46,122.0
2015-08-28T06:55:28,84.0
2015-08-28T07:33:06,128.0
2015-08-28T08:04:11,132.0
2015-08-28T08:30:03,142.0
2015-08-28T08:54:58,60.0
2015-08-28T09:13:49,128.0
2015-08-28T09:32:45,123.0
2015-08-28T10:13:56,132.0
2015-08-28T10:33:51,121.0
2015-08-29T00:41:47,68.0
2015-08-20T15:45:54,174.0
2015-08-27T15:43:59,79.0
2015-09-02T10:44:44,122.0
2015-09-02T21:55:48,152.0
2015-09-03T10:49:33,103.0
2015-09-08T10:54:48,95.0
2015-09-08T21:55:46,91.0
2015-09-10T10:45:48,129.0
2015-09-11T10:44:51,121.0
2015-09-11T21:55:35,106.0
2015-09-14T10:52:19,145.0
2015-09-14T21:54:57,159.0
2015-09-21T10:42:53,89.0
2015-09-22T10:48:28,119.0
2015-09-22T21:52:40,114.0
2015-09-23T10:45:56,78.0
2015-09-23T21:53:51,79.0
2015-09-25T10:44:42,127.0
2015-09-01T19:03:55,111.0
2015-09-01T19:52:51,134.0
2015-09-02T20:06:08,131.0
2015-09-03T18:54:10,143.0
2015-09-04T20:01:52,126.0
2015-09-04T21:20:56,112.0
2015-09-04T22:53:51,62.0
2015-09-04T01:12:50,99.0
2015-09-05T22:47:46,102.0
2015-09-05T01:34:54,72.0
2015-09-06T22:46:44,113.0
2015-09-06T01:20:51,77.0
2015-09-06T02:03:51,60.0
2015-09-07T22:41:02,132.0
2015-09-07T01:24:52,134.0
2015-09-07T01:42:50,77.0
2015-09-08T18:54:03,145.0
2015-09-08T20:08:12,198.0
2015-09-08T01:41:32,60.0
2015-09-09T18:56:50,68.0
2015-09-09T01:15:47,111.0
2015-09-10T22:56:46,121.0
2015-09-11T19:00:02,87.0
2015-09-12T19:35:59,141.0
2015-09-12T01:48:44,157.0
2015-09-13T01:43:50,106.0
2015-09-14T01:23:45,106.0
2015-09-14T01:41:52,74.0
2015-09-15T20:06:13,120.0
2015-09-15T21:21:48,98.0
2015-09-16T19:05:02,78.0
2015-09-16T21:22:55,94.0
2015-09-16T23:04:04,120.0
2015-09-16T01:13:50,86.0
2015-09-16T01:35:46,105.0
2015-09-17T19:02:02,25.0
2015-09-17T20:04:16,165.0
2015-09-17T21:21:59,130.0
2015-09-17T22:49:47,72.0
2015-09-17T01:35:45,71.0
2015-09-18T21:21:48,118.0
2015-09-18T01:37:48,174.0
2015-09-19T22:58:52,125.0
2015-09-21T21:21:52,128.0
2015-09-21T22:49:43,93.0
2015-09-21T01:23:46,118.0
2015-09-21T01:47:46,154.0
2015-09-22T19:57:54,129.0
2015-09-22T01:14:48,104.0
2015-09-23T19:01:52,130.0
2015-09-23T20:01:25,153.0
2015-09-23T01:15:48,144.0
2015-09-24T01:35:47,120.0
2015-09-25T18:51:03,99.0
2015-09-25T20:06:59,122.0
2015-09-25T01:15:29,81.0
2015-09-25T01:35:41,99.0
2015-09-26T01:16:47,126.0
2015-09-01T12:12:42,120.0
2015-09-01T12:27:02,166.0
2015-09-01T12:31:33,60.0
2015-09-01T14:18:44,124.0
2015-09-01T14:33:51,187.0
2015-09-01T14:48:04,130.0
2015-09-01T14:52:01,190.0
2015-09-01T15:43:58,129.0
2015-09-01T16:35:47,86.0
2015-09-01T16:54:41,69.0
2015-09-01T17:06:41,71.0
2015-09-01T17:10:43,120.0
2015-09-01T17:44:32,60.0
2015-09-01T19:02:02,90.0
2015-09-01T19:02:51,132.0
2015-09-01T19:11:55,133.0
2015-09-01T19:19:59,100.0
2015-09-01T19:51:02,93.0
2015-09-01T21:00:51,159.0
2015-09-01T21:07:51,125.0
2015-09-01T21:23:54,77.0
2015-09-01T21:52:55,164.0
2015-09-01T23:07:50,106.0
2015-09-01T23:35:50,142.0
2015-09-01T06:06:57,120.0
2015-09-01T07:44:04,108.0
2015-09-01T08:06:05,104.0
2015-09-01T08:09:50,94.0
2015-09-01T09:57:59,81.0
2015-09-01T10:12:09,33.0
2015-09-01T10:21:55,166.0
2015-09-02T11:25:45,131.0
2015-09-02T11:40:48,170.0
2015-09-02T11:54:50,80.0
2015-09-02T12:18:47,146.0
2015-09-02T13:37:48,118.0
2015-09-02T13:46:50,132.0
2015-09-02T14:06:58,181.0
2015-09-02T14:29:45,192.0
2015-09-02T14:36:49,126.0
2015-09-02T15:29:07,82.0
2015-09-02T15:53:00,75.0
2015-09-02T16:06:04,102.0
2015-09-02T16:24:47,73.0
2015-09-02T16:49:36,112.0
2015-09-02T16:50:51,186.0
2015-09-02T17:39:32,132.0
2015-09-02T18:06:28,165.0
2015-09-02T18:23:37,142.0
2015-09-02T18:43:44,71.0
2015-09-02T19:05:43,124.0
2015-09-02T19:06:57,116.0
2015-09-02T19:50:01,119.0
2015-09-02T20:12:43,72.0
2015-09-02T20:41:48,87.0
2015-09-02T21:05:53,139.0
2015-09-02T21:54:56,97.0
2015-09-02T22:36:53,48.0
2015-09-02T22:52:01,90.0
2015-09-02T23:39:48,85.0
2015-09-02T23:52:01,93.0
2015-09-02T07:12:51,108.0
2015-09-02T07:22:31,77.0
2015-09-02T07:49:58,92.0
2015-09-02T08:45:12,132.0
2015-09-02T09:18:44,130.0
2015-09-02T09:40:46,71.0
2015-09-02T09:45:51,128.0
2015-09-02T10:05:47,181.0
2015-09-03T10:48:44,124.0
2015-09-03T10:58:49,119.0
2015-09-03T12:10:20,149.0
2015-09-03T12:19:58,115.0
2015-09-03T12:24:47,128.0
2015-09-03T12:37:45,60.0
2015-09-03T12:55:41,181.0
2015-09-03T13:05:51,117.0
2015-09-03T14:18:01,127.0
2015-09-03T14:25:49,132.0
2015-09-03T14:45:59,109.0
2015-09-03T14:52:03,118.0
2015-09-03T15:07:58,198.0
2015-09-03T15:14:52,129.0
2015-09-03T16:44:41,117.0
2015-09-03T16:48:45,196.0
2015-09-03T17:05:33,121.0
2015-09-03T17:07:42,135.0
2015-09-03T17:19:41,189.0
2015-09-03T17:32:34,66.0
2015-09-03T18:50:00,125.0
2015-09-03T18:58:49,154.0
2015-09-03T19:13:52,147.0
2015-09-03T19:23:47,160.0
2015-09-03T19:35:53,146.0
2015-09-03T19:45:51,71.0
2015-09-03T21:00:46,160.0
2015-09-03T21:27:54,142.0
2015-09-03T21:40:42,90.0
2015-09-03T22:53:44,77.0
2015-09-03T23:12:51,150.0
2015-09-03T23:21:45,136.0
2015-09-03T23:50:45,123.0
2015-09-03T00:18:51,92.0
2015-09-03T00:37:54,145.0
2015-09-03T01:20:45,116.0
2015-09-03T01:48:44,60.0
2015-09-03T02:22:50,106.0
2015-09-03T02:51:51,137.0
2015-09-03T03:19:46,67.0
2015-09-03T03:48:57,124.0
2015-09-03T04:19:38,51.0
2015-09-03T04:50:44,96.0
2015-09-03T05:20:50,71.0
2015-09-03T05:47:51,133.0
2015-09-03T06:08:53,73.0
2015-09-03T06:25:47,127.0
2015-09-03T06:42:56,96.0
2015-09-03T07:47:01,92.0
2015-09-03T07:55:55,96.0
2015-09-03T08:05:52,107.0
2015-09-03T08:18:04,131.0
2015-09-03T08:36:08,170.0
2015-09-03T08:50:55,28.0
2015-09-03T08:54:56,196.0
2015-09-03T10:01:50,111.0
2015-09-03T10:03:47,126.0
2015-09-03T10:14:52,147.0
2015-09-03T10:25:52,115.0
2015-09-04T10:45:48,74.0
2015-09-04T12:13:01,137.0
2015-09-04T12:13:54,123.0
2015-09-04T12:29:52,175.0
2015-09-04T12:49:48,98.0
2015-09-04T12:55:03,129.0
2015-09-04T14:15:50,195.0
2015-09-04T14:30:58,167.0
2015-09-04T14:44:02,71.0
2015-09-04T15:12:52,174.0
2015-09-04T15:40:45,151.0
2015-09-04T16:32:28,123.0
2015-09-04T16:37:43,82.0
2015-09-04T16:52:37,132.0
2015-09-04T17:04:41,79.0
2015-09-04T17:17:38,82.0
2015-09-04T17:39:28,131.0
2015-09-04T18:38:58,86.0
2015-09-04T18:49:01,83.0
2015-09-04T19:00:57,133.0
2015-09-04T19:09:47,124.0
2015-09-04T19:35:46,126.0
2015-09-04T19:51:46,142.0
2015-09-04T20:54:46,130.0
2015-09-04T21:55:53,145.0
2015-09-04T22:37:53,118.0
2015-09-04T22:53:47,76.0
2015-09-04T23:36:53,107.0
2015-09-04T00:40:39,75.0
2015-09-04T00:58:59,130.0
2015-09-04T01:18:49,129.0
2015-09-04T02:22:48,153.0
2015-09-04T02:50:56,99.0
2015-09-04T03:49:48,97.0
2015-09-04T04:20:42,111.0
2015-09-04T05:18:42,123.0
2015-09-04T05:47:43,119.0
2015-09-04T06:27:48,132.0
2015-09-04T07:49:58,102.0
2015-09-04T07:53:49,92.0
2015-09-04T08:12:56,135.0
2015-09-04T08:29:02,100.0
2015-09-04T08:38:54,145.0
2015-09-04T09:58:04,130.0
2015-09-04T10:04:57,179.0
2015-09-04T10:14:47,134.0
2015-09-04T10:36:03,85.0
2015-09-05T10:49:00,120.0
2015-09-05T11:53:48,115.0
2015-09-05T12:50:52,137.0
2015-09-05T13:35:18,152.0
2015-09-05T14:02:51,106.0
2015-09-05T15:02:53,141.0
2015-09-05T15:45:59,75.0
2015-09-05T16:17:47,120.0
2015-09-05T17:22:55,83.0
2015-09-05T18:03:49,120.0
2015-09-05T18:23:49,89.0
2015-09-05T19:26:51,123.0
2015-09-05T19:49:55,74.0
2015-09-05T20:22:47,126.0
2015-09-05T21:15:57,76.0
2015-09-05T21:43:56,82.0
2015-09-05T22:10:55,88.0
2015-09-05T22:52:59,103.0
2015-09-05T23:07:59,73.0
2015-09-05T23:36:59,82.0
2015-09-05T23:47:46,125.0
2015-09-05T00:23:58,75.0
2015-09-05T00:42:49,132.0
2015-09-05T01:54:49,107.0
2015-09-05T02:28:46,149.0
2015-09-05T03:24:49,74.0
2015-09-05T03:53:49,167.0
2015-09-05T04:52:47,107.0
2015-09-05T05:19:44,106.0
2015-09-05T06:17:56,61.0
2015-09-05T07:51:50,90.0
2015-09-05T09:51:01,83.0
2015-09-06T10:35:48,120.0
2015-09-06T11:03:47,122.0
2015-09-06T11:07:58,125.0
2015-09-06T11:29:53,151.0
2015-09-06T11:51:50,156.0
2015-09-06T11:57:52,143.0
2015-09-06T12:10:58,88.0
2015-09-06T12:21:47,97.0
2015-09-06T12:42:22,67.0
2015-09-06T13:04:48,151.0
2015-09-06T13:15:58,130.0
2015-09-06T13:34:54,82.0
2015-09-06T13:42:56,74.0
2015-09-06T14:02:49,129.0
2015-09-06T14:10:45,127.0
2015-09-06T14:22:52,82.0
2015-09-06T14:31:56,159.0
2015-09-06T14:51:45,180.0
2015-09-06T15:17:52,128.0
2015-09-06T15:21:47,68.0
2015-09-06T15:44:09,87.0
2015-09-06T15:54:48,126.0
2015-09-06T16:14:46,76.0
2015-09-06T16:27:59,87.0
2015-09-06T16:35:58,120.0
2015-09-06T16:40:44,138.0
2015-09-06T17:36:58,141.0
2015-09-06T17:24:04,147.0
2015-09-06T17:32:50,77.0
2015-09-06T17:52:00,125.0
2015-09-06T18:02:58,132.0
2015-09-06T18:21:54,94.0
2015-09-06T18:31:46,122.0
2015-09-06T18:42:46,86.0
2015-09-06T18:54:44,73.0
2015-09-06T19:11:56,134.0
2015-09-06T19:28:00,90.0
2015-09-06T19:38:52,132.0
2015-09-06T19:50:54,64.0
2015-09-06T20:03:48,123.0
2015-09-06T20:27:48,187.0
2015-09-06T20:35:00,105.0
2015-09-06T20:50:40,94.0
2015-09-06T21:05:53,155.0
2015-09-06T21:29:10,90.0
2015-09-06T21:49:00,89.0
2015-09-06T22:09:43,121.0
2015-09-06T22:27:00,101.0
2015-09-06T22:52:47,121.0
2015-09-06T23:20:46,76.0
2015-09-06T23:39:01,149.0
2015-09-06T00:40:57,92.0
2015-09-06T01:19:48,67.0
2015-09-06T02:25:47,116.0
2015-09-06T02:51:45,190.0
2015-09-06T03:52:50,77.0
2015-09-06T04:23:45,120.0
2015-09-06T05:17:52,119.0
2015-09-06T05:47:49,184.0
2015-09-06T06:14:43,104.0
2015-09-06T07:03:38,60.0
2015-09-06T07:41:00,128.0
2015-09-06T07:38:43,87.0
2015-09-06T07:51:45,77.0
2015-09-06T08:06:37,98.0
2015-09-06T08:37:45,84.0
2015-09-06T08:58:48,73.0
2015-09-06T09:13:51,125.0
2015-09-06T09:26:02,94.0
2015-09-06T09:50:42,127.0
2015-09-06T09:59:06,89.0
2015-09-06T10:13:45,112.0
2015-09-07T10:52:48,138.0
2015-09-07T10:58:01,101.0
2015-09-07T11:14:41,142.0
2015-09-07T11:27:53,93.0
2015-09-07T11:31:50,124.0
2015-09-07T11:54:46,130.0
2015-09-07T12:01:43,72.0
2015-09-07T12:52:50,171.0
2015-09-07T13:01:07,86.0
2015-09-07T13:11:43,144.0
2015-09-07T13:23:43,122.0
2015-09-07T13:33:22,106.0
2015-09-07T13:48:38,102.0
2015-09-07T14:04:46,108.0
2015-09-07T14:10:51,133.0
2015-09-07T15:04:48,173.0
2015-09-07T15:11:50,121.0
2015-09-07T15:22:50,148.0
2015-09-07T15:31:03,84.0
2015-09-07T15:42:48,143.0
2015-09-07T15:53:55,141.0
2015-09-07T16:16:26,100.0
2015-09-07T16:21:46,144.0
2015-09-07T17:11:39,133.0
2015-09-07T17:23:40,98.0
2015-09-07T17:44:44,106.0
2015-09-07T17:53:44,130.0
2015-09-07T18:00:34,88.0
2015-09-07T18:24:49,90.0
2015-09-07T18:34:52,75.0
2015-09-07T19:22:49,73.0
2015-09-07T19:28:57,78.0
2015-09-07T19:53:45,148.0
2015-09-07T19:57:45,70.0
2015-09-07T20:23:54,147.0
2015-09-07T21:17:50,122.0
2015-09-07T21:45:45,165.0
2015-09-07T22:09:40,119.0
2015-09-07T22:39:50,79.0
2015-09-07T22:54:46,122.0
2015-09-07T23:06:44,77.0
2015-09-07T23:30:46,91.0
2015-09-07T23:51:56,130.0
2015-09-07T00:01:54,98.0
2015-09-07T00:39:52,96.0
2015-09-07T01:01:02,120.0
2015-09-07T02:22:44,83.0
2015-09-07T03:51:44,99.0
2015-09-07T05:18:44,74.0
2015-09-07T06:19:52,165.0
2015-09-07T07:23:07,57.0
2015-09-07T07:40:44,69.0
2015-09-07T07:59:51,87.0
2015-09-07T08:06:25,61.0
2015-09-07T08:54:35,83.0
2015-09-07T09:10:02,90.0
2015-09-07T09:53:49,136.0
2015-09-07T09:59:46,86.0
2015-09-08T10:55:49,77.0
2015-09-08T11:31:49,155.0
2015-09-08T11:15:58,79.0
2015-09-08T11:22:41,115.0
2015-09-08T11:43:00,89.0
2015-09-08T12:06:56,146.0
2015-09-08T12:26:46,146.0
2015-09-08T12:54:41,140.0
2015-09-08T13:30:10,184.0
2015-09-08T13:34:58,92.0
2015-09-08T13:55:43,123.0
2015-09-08T14:20:00,146.0
2015-09-08T15:22:00,124.0
2015-09-08T15:03:49,66.0
2015-09-08T15:21:21,90.0
2015-09-08T15:40:45,120.0
2015-09-08T15:47:45,164.0
2015-09-08T16:11:35,135.0
2015-09-08T17:23:01,153.0
2015-09-08T17:39:43,125.0
2015-09-08T17:55:33,72.0
2015-09-08T18:09:34,74.0
2015-09-08T18:29:32,138.0
2015-09-08T18:45:51,117.0
2015-09-08T19:11:58,140.0
2015-09-08T19:42:48,126.0
2015-09-08T19:51:51,145.0
2015-09-08T20:08:59,93.0
2015-09-08T20:35:55,88.0
2015-09-08T21:45:47,126.0
2015-09-08T21:53:45,135.0
2015-09-08T22:25:59,111.0
2015-09-08T22:55:44,122.0
2015-09-08T23:35:53,166.0
2015-09-08T00:20:51,78.0
2015-09-08T00:39:38,111.0
2015-09-08T01:20:50,119.0
2015-09-08T01:50:58,90.0
2015-09-08T02:19:42,86.0
2015-09-08T02:50:56,68.0
2015-09-08T03:19:54,145.0
2015-09-08T03:50:44,129.0
2015-09-08T04:21:49,176.0
2015-09-08T04:49:49,136.0
2015-09-08T05:18:53,117.0
2015-09-08T05:47:00,91.0
2015-09-08T06:27:34,60.0
2015-09-08T06:44:53,111.0
2015-09-08T07:11:04,86.0
2015-09-08T07:31:27,112.0
2015-09-08T07:46:11,113.0
2015-09-08T08:11:02,25.0
2015-09-08T08:43:54,108.0
2015-09-08T08:47:19,137.0
2015-09-08T08:54:06,106.0
2015-09-08T09:09:43,125.0
2015-09-08T09:18:44,125.0
2015-09-08T09:35:50,73.0
2015-09-08T09:58:02,139.0
2015-09-08T10:13:55,127.0
2015-09-09T10:47:53,102.0
2015-09-09T11:28:45,75.0
2015-09-09T12:07:49,121.0
2015-09-09T12:42:52,94.0
2015-09-09T12:52:42,88.0
2015-09-09T12:55:41,59.0
2015-09-09T13:00:46,70.0
2015-09-09T13:42:57,135.0
2015-09-09T15:05:43,64.0
2015-09-09T15:06:00,85.0
2015-09-09T15:07:43,65.0
2015-09-09T15:39:54,131.0
2015-09-09T15:38:50,124.0
2015-09-09T16:38:36,75.0
2015-09-09T16:32:32,73.0
2015-09-09T17:05:36,150.0
2015-09-09T17:16:44,103.0
2015-09-09T17:21:52,128.0
2015-09-09T17:54:30,115.0
2015-09-09T18:36:05,95.0
2015-09-09T18:43:55,126.0
2015-09-09T19:12:55,143.0
2015-09-09T19:13:43,124.0
2015-09-09T19:29:40,124.0
2015-09-09T20:42:44,119.0
2015-09-09T22:57:53,127.0
2015-09-09T23:49:46,117.0
2015-09-09T00:04:55,136.0
2015-09-09T06:07:42,77.0
2015-09-09T06:31:44,109.0
2015-09-09T08:19:56,52.0
2015-09-09T08:25:47,87.0
2015-09-09T08:59:13,79.0
2015-09-09T09:22:46,91.0
2015-09-09T10:03:56,108.0
2015-09-09T10:19:42,74.0
2015-09-09T10:34:46,74.0
2015-09-09T10:29:52,93.0
2015-09-10T10:58:44,56.0
2015-09-10T11:03:54,97.0
2015-09-10T11:14:56,71.0
2015-09-10T12:06:49,113.0
2015-09-10T12:18:51,179.0
2015-09-10T12:43:00,76.0
2015-09-10T13:02:52,134.0
2015-09-10T13:16:53,114.0
2015-09-10T13:28:04,79.0
2015-09-10T14:16:55,85.0
2015-09-10T14:32:48,73.0
2015-09-10T14:33:18,171.0
2015-09-10T15:02:48,68.0
2015-09-10T15:14:46,136.0
2015-09-10T15:33:54,74.0
2015-09-10T15:55:49,130.0
2015-09-10T16:00:51,124.0
2015-09-10T16:35:35,156.0
2015-09-10T16:36:29,128.0
2015-09-10T16:48:40,182.0
2015-09-10T16:55:37,83.0
2015-09-10T17:08:44,128.0
2015-09-10T17:31:07,115.0
2015-09-10T17:51:27,151.0
2015-09-10T17:51:43,84.0
2015-09-10T18:23:37,73.0
2015-09-10T18:44:44,57.0
2015-09-10T18:48:45,79.0
2015-09-10T19:02:59,103.0
2015-09-10T19:04:52,121.0
2015-09-10T19:28:52,123.0
2015-09-10T19:41:53,80.0
2015-09-10T19:59:56,145.0
2015-09-10T20:24:43,128.0
2015-09-10T20:53:47,103.0
2015-09-10T21:09:49,132.0
2015-09-10T21:25:54,138.0
2015-09-10T22:03:48,132.0
2015-09-10T23:09:52,137.0
2015-09-10T00:46:57,164.0
2015-09-10T01:20:55,145.0
2015-09-10T02:21:52,161.0
2015-09-10T02:53:54,83.0
2015-09-10T03:52:53,131.0
2015-09-10T04:27:45,106.0
2015-09-10T05:23:49,136.0
2015-09-10T05:49:50,122.0
2015-09-10T06:05:56,102.0
2015-09-10T06:41:53,96.0
2015-09-10T06:55:00,94.0
2015-09-10T07:49:55,94.0
2015-09-10T07:57:56,118.0
2015-09-10T08:26:58,84.0
2015-09-10T08:42:27,63.0
2015-09-10T08:55:49,75.0
2015-09-10T09:01:07,109.0
2015-09-10T09:12:04,77.0
2015-09-10T09:59:51,148.0
2015-09-10T10:07:46,150.0
2015-09-10T10:28:50,166.0
2015-09-11T11:16:09,44.0
2015-09-11T11:17:42,130.0
2015-09-11T11:24:49,105.0
2015-09-11T12:14:52,79.0
2015-09-11T12:15:45,127.0
2015-09-11T12:46:06,132.0
2015-09-11T12:51:02,273.0
2015-09-11T13:16:53,127.0
2015-09-11T13:29:37,153.0
2015-09-11T13:34:50,116.0
2015-09-11T13:48:53,127.0
2015-09-11T14:21:43,174.0
2015-09-11T14:24:49,129.0
2015-09-11T14:49:56,124.0
2015-09-11T14:53:53,197.0
2015-09-11T15:29:49,125.0
2015-09-11T15:40:51,126.0
2015-09-11T15:53:05,125.0
2015-09-11T16:03:38,150.0
2015-09-11T16:08:35,134.0
2015-09-11T16:40:47,93.0
2015-09-11T16:53:39,140.0
2015-09-11T16:59:42,131.0
2015-09-11T17:09:43,122.0
2015-09-11T17:46:36,131.0
2015-09-11T18:03:37,134.0
2015-09-11T18:09:29,117.0
2015-09-11T18:24:34,137.0
2015-09-11T18:25:39,132.0
2015-09-11T18:55:51,120.0
2015-09-11T18:59:44,150.0
2015-09-11T18:59:57,164.0
2015-09-11T19:06:50,74.0
2015-09-11T19:10:57,124.0
2015-09-11T19:20:47,86.0
2015-09-11T20:00:51,132.0
2015-09-11T20:09:50,121.0
2015-09-11T20:36:41,69.0
2015-09-11T20:53:49,143.0
2015-09-11T21:08:48,131.0
2015-09-11T21:28:59,84.0
2015-09-11T22:17:43,85.0
2015-09-11T23:06:49,79.0
2015-09-11T06:05:50,66.0
2015-09-11T06:55:53,88.0
2015-09-11T07:11:50,84.0
2015-09-11T07:46:53,98.0
2015-09-11T07:51:53,122.0
2015-09-11T08:04:58,83.0
2015-09-11T08:19:58,97.0
2015-09-11T08:48:31,68.0
2015-09-11T08:59:09,106.0
2015-09-11T09:09:43,119.0
2015-09-11T09:21:58,127.0
2015-09-11T09:58:50,134.0
2015-09-11T10:02:51,102.0
2015-09-11T10:15:52,120.0
2015-09-11T10:33:50,140.0
2015-09-12T11:02:41,121.0
2015-09-12T11:26:58,99.0
2015-09-12T11:54:55,84.0
2015-09-12T12:12:03,120.0
2015-09-12T12:21:44,126.0
2015-09-12T12:32:10,92.0
2015-09-12T13:09:02,139.0
2015-09-12T13:38:22,121.0
2015-09-12T13:44:52,129.0
2015-09-12T14:07:55,119.0
2015-09-12T14:22:49,123.0
2015-09-12T14:28:59,143.0
2015-09-12T14:44:06,99.0
2015-09-12T15:22:58,126.0
2015-09-12T15:44:48,112.0
2015-09-12T15:55:46,128.0
2015-09-12T16:13:40,123.0
2015-09-12T16:39:52,117.0
2015-09-12T16:41:03,90.0
2015-09-12T16:55:13,77.0
2015-09-12T17:23:53,179.0
2015-09-12T17:52:54,74.0
2015-09-12T18:01:57,117.0
2015-09-12T18:21:51,143.0
2015-09-12T18:45:47,135.0
2015-09-12T18:48:59,118.0
2015-09-12T19:05:51,65.0
2015-09-12T19:27:57,76.0
2015-09-12T19:50:50,145.0
2015-09-12T20:02:53,124.0
2015-09-12T20:26:48,130.0
2015-09-12T20:38:54,132.0
2015-09-12T20:44:47,160.0
2015-09-12T21:48:00,102.0
2015-09-12T22:09:45,135.0
2015-09-12T22:24:47,122.0
2015-09-12T22:42:53,139.0
2015-09-12T23:38:47,77.0
2015-09-12T06:40:05,108.0
2015-09-12T07:35:56,90.0
2015-09-12T08:24:03,74.0
2015-09-12T09:01:39,114.0
2015-09-12T09:21:52,68.0
2015-09-12T09:55:50,170.0
2015-09-12T10:15:54,119.0
2015-09-12T10:27:16,90.0
2015-09-13T11:31:45,112.0
2015-09-13T12:09:47,195.0
2015-09-13T13:44:59,125.0
2015-09-13T14:23:01,153.0
2015-09-13T15:54:52,61.0
2015-09-13T16:33:48,144.0
2015-09-13T18:23:56,127.0
2015-09-13T18:43:12,147.0
2015-09-13T19:57:57,136.0
2015-09-13T20:31:50,75.0
2015-09-13T22:24:47,118.0
2015-09-13T23:47:40,60.0
2015-09-13T23:57:58,165.0
2015-09-13T00:21:44,67.0
2015-09-13T01:47:46,102.0
2015-09-13T03:21:54,131.0
2015-09-13T04:49:41,107.0
2015-09-13T07:36:54,75.0
2015-09-13T09:25:47,62.0
2015-09-14T11:04:50,122.0
2015-09-14T11:25:43,146.0
2015-09-14T11:58:43,162.0
2015-09-14T12:09:39,137.0
2015-09-14T12:17:44,120.0
2015-09-14T12:27:53,74.0
2015-09-14T13:21:19,121.0
2015-09-14T13:35:41,70.0
2015-09-14T14:03:44,156.0
2015-09-14T14:15:42,120.0
2015-09-14T14:27:02,72.0
2015-09-14T14:33:40,120.0
2015-09-14T14:48:59,166.0
2015-09-14T15:31:18,286.0
2015-09-14T15:34:57,149.0
2015-09-14T15:55:45,123.0
2015-09-14T16:25:29,76.0
2015-09-14T16:34:32,139.0
2015-09-14T16:46:40,62.0
2015-09-14T16:49:56,173.0
2015-09-14T17:06:10,88.0
2015-09-14T17:38:33,151.0
2015-09-14T17:49:40,130.0
2015-09-14T18:05:44,112.0
2015-09-14T18:32:47,154.0
2015-09-14T18:48:00,137.0
2015-09-14T18:58:03,132.0
2015-09-14T19:02:50,151.0
2015-09-14T19:10:45,137.0
2015-09-14T19:46:40,67.0
2015-09-14T20:00:55,154.0
2015-09-14T20:08:53,127.0
2015-09-14T20:41:42,144.0
2015-09-14T20:53:46,137.0
2015-09-14T21:06:44,60.0
2015-09-14T21:53:48,94.0
2015-09-14T22:36:48,98.0
2015-09-14T22:50:41,91.0
2015-09-14T23:35:45,146.0
2015-09-14T23:52:43,62.0
2015-09-14T01:20:49,59.0
2015-09-14T02:50:43,105.0
2015-09-14T04:24:40,96.0
2015-09-14T05:48:43,124.0
2015-09-14T06:29:49,121.0
2015-09-14T06:58:57,90.0
2015-09-14T07:10:53,109.0
2015-09-14T07:46:59,106.0
2015-09-14T08:05:54,152.0
2015-09-14T08:54:14,109.0
2015-09-14T09:06:01,130.0
2015-09-14T09:22:47,134.0
2015-09-14T09:53:44,76.0
2015-09-14T09:55:45,126.0
2015-09-14T10:04:39,122.0
2015-09-14T10:14:50,112.0
2015-09-15T10:45:43,71.0
2015-09-15T10:52:06,118.0
2015-09-15T11:08:51,121.0
2015-09-15T11:13:00,155.0
2015-09-15T11:45:55,117.0
2015-09-15T12:06:53,130.0
2015-09-15T12:55:33,60.0
2015-09-15T13:07:03,118.0
2015-09-15T13:15:50,126.0
2015-09-15T13:26:49,166.0
2015-09-15T13:55:55,119.0
2015-09-15T14:27:49,126.0
2015-09-15T14:40:45,141.0
2015-09-15T15:03:57,129.0
2015-09-15T15:15:08,120.0
2015-09-15T15:27:01,74.0
2015-09-15T15:31:48,69.0
2015-09-15T15:37:51,112.0
2015-09-15T16:01:52,128.0
2015-09-15T16:24:47,138.0
2015-09-15T16:23:38,87.0
2015-09-15T16:54:30,126.0
2015-09-15T17:19:38,130.0
2015-09-15T17:35:05,178.0
2015-09-15T17:40:39,138.0
2015-09-15T17:58:36,148.0
2015-09-15T17:58:43,168.0
2015-09-15T18:23:53,153.0
2015-09-15T18:41:53,136.0
2015-09-15T19:04:12,158.0
2015-09-15T19:47:56,119.0
2015-09-15T19:49:04,141.0
2015-09-15T19:53:45,135.0
2015-09-15T20:05:49,140.0
2015-09-15T20:28:53,135.0
2015-09-15T20:41:53,147.0
2015-09-15T21:20:50,98.0
2015-09-15T21:42:56,97.0
2015-09-15T21:52:46,90.0
2015-09-15T22:08:51,71.0
2015-09-15T22:54:53,126.0
2015-09-15T23:33:45,78.0
2015-09-15T23:36:57,129.0
2015-09-15T00:18:58,104.0
2015-09-15T00:39:41,107.0
2015-09-15T01:21:52,119.0
2015-09-15T01:51:45,119.0
2015-09-15T02:18:37,85.0
2015-09-15T02:47:55,107.0
2015-09-15T03:20:43,60.0
2015-09-15T03:48:41,98.0
2015-09-15T04:20:46,119.0
2015-09-15T04:48:45,64.0
2015-09-15T05:18:43,87.0
2015-09-15T05:48:43,129.0
2015-09-15T06:24:52,130.0
2015-09-15T06:40:10,93.0
2015-09-15T06:59:07,123.0
2015-09-15T07:38:56,177.0
2015-09-15T08:38:10,119.0
2015-09-15T08:51:06,86.0
2015-09-15T09:01:25,60.0
2015-09-15T09:07:44,121.0
2015-09-15T09:33:39,139.0
2015-09-15T09:55:06,147.0
2015-09-16T10:42:55,85.0
2015-09-16T10:56:48,171.0
2015-09-16T11:53:58,118.0
2015-09-16T12:32:52,117.0
2015-09-16T12:36:59,76.0
2015-09-16T12:48:48,161.0
2015-09-16T12:57:56,129.0
2015-09-16T13:15:51,125.0
2015-09-16T14:39:50,180.0
2015-09-16T14:26:54,78.0
2015-09-16T14:38:44,139.0
2015-09-16T14:50:49,122.0
2015-09-16T15:02:12,114.0
2015-09-16T15:08:49,154.0
2015-09-16T15:15:47,112.0
2015-09-16T16:22:48,128.0
2015-09-16T16:52:34,165.0
2015-09-16T17:11:33,73.0
2015-09-16T17:16:55,39.0
2015-09-16T17:25:39,79.0
2015-09-16T17:34:35,112.0
2015-09-16T18:40:02,112.0
2015-09-16T18:57:52,135.0
2015-09-16T19:05:39,122.0
2015-09-16T19:26:28,127.0
2015-09-16T19:28:06,97.0
2015-09-16T19:34:40,74.0
2015-09-16T19:41:00,90.0
2015-09-16T21:07:21,60.0
2015-09-16T21:22:01,113.0
2015-09-16T21:58:53,117.0
2015-09-16T22:37:56,128.0
2015-09-16T23:05:47,132.0
2015-09-16T23:21:44,97.0
2015-09-16T00:11:48,76.0
2015-09-16T00:45:53,141.0
2015-09-16T01:08:41,60.0
2015-09-16T02:23:44,56.0
2015-09-16T02:51:37,114.0
2015-09-16T03:49:56,135.0
2015-09-16T04:22:44,272.0
2015-09-16T05:20:50,144.0
2015-09-16T05:48:43,118.0
2015-09-16T06:08:47,133.0
2015-09-16T06:26:55,76.0
2015-09-16T06:41:09,94.0
2015-09-16T07:14:44,90.0
2015-09-16T07:53:36,75.0
2015-09-16T08:16:07,170.0
2015-09-16T08:28:04,99.0
2015-09-16T08:33:57,156.0
2015-09-16T08:56:07,61.0
2015-09-16T09:16:01,76.0
2015-09-16T09:43:44,178.0
2015-09-16T10:03:17,148.0
2015-09-16T10:27:56,74.0
2015-09-16T10:32:07,103.0
2015-09-17T10:42:49,135.0
2015-09-17T11:03:00,114.0
2015-09-17T11:26:38,111.0
2015-09-17T11:56:46,64.0
2015-09-17T12:10:53,130.0
2015-09-17T12:45:51,80.0
2015-09-17T12:55:55,120.0
2015-09-17T13:11:54,119.0
2015-09-17T13:36:46,120.0
2015-09-17T14:06:46,130.0
2015-09-17T14:20:00,153.0
2015-09-17T15:05:51,73.0
2015-09-17T15:06:36,172.0
2015-09-17T15:22:52,129.0
2015-09-17T15:31:44,128.0
2015-09-17T15:51:45,120.0
2015-09-17T16:05:33,133.0
2015-09-17T16:25:48,126.0
2015-09-17T16:30:31,121.0
2015-09-17T16:37:44,115.0
2015-09-17T17:15:47,66.0
2015-09-17T17:20:36,167.0
2015-09-17T17:42:29,96.0
2015-09-17T17:47:42,87.0
2015-09-17T18:00:38,82.0
2015-09-17T18:21:32,61.0
2015-09-17T18:38:48,123.0
2015-09-17T19:02:58,155.0
2015-09-17T19:01:44,130.0
2015-09-17T19:26:56,116.0
2015-09-17T19:40:45,125.0
2015-09-17T19:52:39,149.0
2015-09-17T20:03:44,138.0
2015-09-17T20:09:45,132.0
2015-09-17T20:30:49,70.0
2015-09-17T20:49:01,89.0
2015-09-17T20:54:43,53.0
2015-09-17T21:40:23,67.0
2015-09-17T21:56:50,95.0
2015-09-17T22:19:50,106.0
2015-09-17T22:53:54,93.0
2015-09-17T23:23:56,155.0
2015-09-17T23:34:49,102.0
2015-09-17T23:54:47,107.0
2015-09-17T00:18:55,72.0
2015-09-17T00:58:53,120.0
2015-09-17T01:50:55,72.0
2015-09-17T03:21:56,76.0
2015-09-17T04:51:55,131.0
2015-09-17T06:24:55,84.0
2015-09-17T06:58:04,53.0
2015-09-17T07:11:48,99.0
2015-09-17T07:47:03,117.0
2015-09-17T08:38:07,92.0
2015-09-17T09:00:02,147.0
2015-09-17T09:19:39,114.0
2015-09-17T09:47:52,135.0
2015-09-17T09:53:55,128.0
2015-09-17T10:36:04,186.0
2015-09-18T10:54:51,134.0
2015-09-18T11:15:48,76.0
2015-09-18T11:38:38,60.0
2015-09-18T11:55:41,112.0
2015-09-18T12:45:45,146.0
2015-09-18T13:05:59,130.0
2015-09-18T13:28:05,133.0
2015-09-18T13:54:28,160.0
2015-09-18T14:05:41,66.0
2015-09-18T14:49:41,128.0
2015-09-18T15:06:44,93.0
2015-09-18T15:19:52,131.0
2015-09-18T15:31:56,67.0
2015-09-18T15:46:44,136.0
2015-09-18T16:03:57,120.0
2015-09-18T16:04:56,153.0
2015-09-18T16:21:04,103.0
2015-09-18T16:38:30,113.0
2015-09-18T17:07:38,120.0
2015-09-18T17:14:44,109.0
2015-09-18T17:30:43,147.0
2015-09-18T17:44:00,149.0
2015-09-18T18:03:25,70.0
2015-09-18T18:24:46,86.0
2015-09-18T18:25:53,185.0
2015-09-18T18:31:57,173.0
2015-09-18T18:49:40,57.0
2015-09-18T19:24:59,133.0
2015-09-18T19:36:47,148.0
2015-09-18T19:42:55,79.0
2015-09-18T20:31:55,143.0
2015-09-18T20:36:28,60.0
2015-09-18T20:45:47,99.0
2015-09-18T21:31:54,117.0
2015-09-18T21:46:47,83.0
2015-09-18T22:11:00,90.0
2015-09-18T22:45:51,143.0
2015-09-18T22:59:40,118.0
2015-09-18T23:10:02,100.0
2015-09-18T23:26:50,98.0
2015-09-18T23:54:39,134.0
2015-09-18T00:43:45,86.0
2015-09-18T01:00:56,47.0
2015-09-18T01:19:21,175.0
2015-09-18T02:21:47,131.0
2015-09-18T02:51:43,84.0
2015-09-18T03:51:52,119.0
2015-09-18T04:20:46,361.0
2015-09-18T05:19:43,84.0
2015-09-18T05:46:48,72.0
2015-09-18T06:09:36,90.0
2015-09-18T06:44:57,99.0
2015-09-18T06:54:47,95.0
2015-09-18T07:19:59,94.0
2015-09-18T08:22:06,118.0
2015-09-18T08:51:26,126.0
2015-09-18T09:03:52,146.0
2015-09-18T09:06:38,122.0
2015-09-18T09:27:55,128.0
2015-09-18T09:46:45,107.0
2015-09-18T10:22:00,127.0
2015-09-19T10:48:47,123.0
2015-09-19T10:50:45,123.0
2015-09-19T11:30:37,117.0
2015-09-19T11:39:54,145.0
2015-09-19T11:50:44,124.0
2015-09-19T12:08:45,130.0
2015-09-19T12:25:02,93.0
2015-09-19T12:43:47,141.0
2015-09-19T12:51:29,60.0
2015-09-19T13:43:51,120.0
2015-09-19T13:46:45,128.0
2015-09-19T13:58:07,111.0
2015-09-19T14:02:41,119.0
2015-09-19T14:14:46,155.0
2015-09-19T14:30:50,77.0
2015-09-19T14:53:46,153.0
2015-09-19T15:05:00,103.0
2015-09-19T15:46:45,79.0
2015-09-19T15:55:49,122.0
2015-09-19T16:04:40,60.0
2015-09-19T16:12:46,70.0
2015-09-19T16:21:49,170.0
2015-09-19T16:44:47,102.0
2015-09-19T17:08:43,125.0
2015-09-19T17:13:05,89.0
2015-09-19T17:57:54,132.0
2015-09-19T18:02:49,138.0
2015-09-19T18:13:47,132.0
2015-09-19T18:24:52,74.0
2015-09-19T18:34:42,131.0
2015-09-19T18:49:56,88.0
2015-09-19T19:14:05,146.0
2015-09-19T19:20:43,124.0
2015-09-19T19:48:50,134.0
2015-09-19T19:58:44,140.0
2015-09-19T20:13:55,137.0
2015-09-19T20:22:42,115.0
2015-09-19T20:46:50,136.0
2015-09-19T21:04:49,144.0
2015-09-19T21:15:49,63.0
2015-09-19T21:48:49,161.0
2015-09-19T21:59:44,81.0
2015-09-19T22:10:43,129.0
2015-09-19T22:57:49,90.0
2015-09-19T23:06:38,133.0
2015-09-19T23:36:00,106.0
2015-09-19T00:40:33,60.0
2015-09-19T00:42:58,94.0
2015-09-19T01:00:10,63.0
2015-09-19T01:19:46,120.0
2015-09-19T01:54:53,66.0
2015-09-19T02:25:49,90.0
2015-09-19T02:50:49,70.0
2015-09-19T03:22:52,126.0
2015-09-19T03:53:47,126.0
2015-09-19T04:21:48,122.0
2015-09-19T04:51:51,146.0
2015-09-19T05:17:54,121.0
2015-09-19T05:45:51,121.0
2015-09-19T06:17:53,156.0
2015-09-19T07:01:44,90.0
2015-09-19T07:36:44,94.0
2015-09-19T07:51:50,137.0
2015-09-19T08:08:49,124.0
2015-09-19T08:41:44,93.0
2015-09-19T09:31:01,67.0
2015-09-19T09:39:56,92.0
2015-09-19T09:49:49,73.0
2015-09-19T10:05:42,120.0
2015-09-19T10:14:49,119.0
2015-09-20T10:49:02,95.0
2015-09-20T11:00:39,70.0
2015-09-20T11:18:58,110.0
2015-09-20T11:51:48,142.0
2015-09-20T12:04:39,123.0
2015-09-20T12:11:52,107.0
2015-09-20T12:21:02,120.0
2015-09-20T12:51:52,132.0
2015-09-20T13:17:43,131.0
2015-09-20T13:20:56,143.0
2015-09-20T13:33:00,80.0
2015-09-20T14:02:46,123.0
2015-09-20T14:14:50,193.0
2015-09-20T14:18:45,115.0
2015-09-20T14:36:57,94.0
2015-09-20T15:02:41,125.0
2015-09-20T15:18:46,114.0
2015-09-20T15:32:03,145.0
2015-09-20T15:47:03,84.0
2015-09-20T16:17:58,87.0
2015-09-20T16:25:51,147.0
2015-09-20T16:40:49,145.0
2015-09-20T17:12:04,86.0
2015-09-20T17:21:46,110.0
2015-09-20T17:41:46,155.0
2015-09-20T17:50:48,119.0
2015-09-20T18:21:11,100.0
2015-09-20T18:29:50,132.0
2015-09-20T18:45:00,140.0
2015-09-20T18:58:53,88.0
2015-09-20T19:22:54,68.0
2015-09-20T19:28:53,90.0
2015-09-20T19:50:48,125.0
2015-09-20T20:23:55,72.0
2015-09-20T20:35:53,89.0
2015-09-20T20:49:56,85.0
2015-09-20T21:16:53,115.0
2015-09-20T21:43:56,81.0
2015-09-20T22:10:00,151.0
2015-09-20T22:30:46,148.0
2015-09-20T23:06:52,69.0
2015-09-20T23:35:55,103.0
2015-09-20T00:48:46,129.0
2015-09-20T01:25:49,127.0
2015-09-20T02:24:52,169.0
2015-09-20T02:50:41,121.0
2015-09-20T03:48:46,60.0
2015-09-20T04:21:43,168.0
2015-09-20T05:19:45,78.0
2015-09-20T05:48:43,125.0
2015-09-20T06:17:54,121.0
2015-09-20T07:51:25,106.0
2015-09-20T08:08:44,135.0
2015-09-20T08:56:42,156.0
2015-09-20T09:50:46,120.0
2015-09-20T10:03:42,133.0
2015-09-20T10:16:40,70.0
2015-09-21T11:12:51,125.0
2015-09-21T11:24:44,118.0
2015-09-21T11:33:48,131.0
2015-09-21T11:43:47,133.0
2015-09-21T12:09:52,182.0
2015-09-21T12:13:43,128.0
2015-09-21T12:35:58,127.0
2015-09-21T12:43:55,129.0
2015-09-21T13:24:55,118.0
2015-09-21T13:35:48,122.0
2015-09-21T13:47:54,143.0
2015-09-21T13:55:49,78.0
2015-09-21T14:14:46,70.0
2015-09-21T14:24:42,118.0
2015-09-21T14:30:53,124.0
2015-09-21T14:52:47,125.0
2015-09-21T14:58:03,138.0
2015-09-21T15:22:40,124.0
2015-09-21T15:43:52,137.0
2015-09-21T15:46:53,145.0
2015-09-21T16:05:34,129.0
2015-09-21T16:11:29,119.0
2015-09-21T16:29:30,111.0
2015-09-21T16:34:32,70.0
2015-09-21T16:45:35,70.0
2015-09-21T16:48:38,127.0
2015-09-21T17:09:40,126.0
2015-09-21T17:13:39,99.0
2015-09-21T17:43:33,137.0
2015-09-21T17:54:37,74.0
2015-09-21T18:08:57,149.0
2015-09-21T18:20:31,71.0
2015-09-21T18:25:37,129.0
2015-09-21T18:42:47,131.0
2015-09-21T18:48:45,94.0
2015-09-21T18:58:43,73.0
2015-09-21T18:48:55,106.0
2015-09-21T19:23:46,125.0
2015-09-21T19:36:52,122.0
2015-09-21T19:52:50,74.0
2015-09-21T20:36:55,112.0
2015-09-21T20:51:52,95.0
2015-09-21T21:24:46,65.0
2015-09-21T21:52:58,95.0
2015-09-21T22:29:48,71.0
2015-09-21T22:36:59,117.0
2015-09-21T23:07:43,120.0
2015-09-21T23:34:48,95.0
2015-09-21T00:01:44,58.0
2015-09-21T06:07:44,89.0
2015-09-21T06:25:53,74.0
2015-09-21T07:09:54,113.0
2015-09-21T07:25:57,91.0
2015-09-21T07:31:49,83.0
2015-09-21T07:48:58,146.0
2015-09-21T07:51:57,119.0
2015-09-21T08:18:07,171.0
2015-09-21T08:26:57,101.0
2015-09-21T08:42:15,177.0
2015-09-21T08:44:18,125.0
2015-09-21T09:07:38,60.0
2015-09-21T09:21:49,94.0
2015-09-21T09:31:53,115.0
2015-09-21T09:33:51,135.0
2015-09-21T09:54:57,132.0
2015-09-21T10:02:40,162.0
2015-09-21T10:25:01,29.0
2015-09-21T10:32:43,125.0
2015-09-22T10:52:48,136.0
2015-09-22T11:25:05,95.0
2015-09-22T11:54:44,139.0
2015-09-22T12:08:04,158.0
2015-09-22T12:25:52,153.0
2015-09-22T12:43:53,145.0
2015-09-22T13:05:47,124.0
2015-09-22T13:33:50,127.0
2015-09-22T14:09:42,114.0
2015-09-22T14:14:53,117.0
2015-09-22T14:39:57,120.0
2015-09-22T14:43:50,128.0
2015-09-22T14:56:49,123.0
2015-09-22T15:16:49,62.0
2015-09-22T15:23:41,120.0
2015-09-22T15:46:42,111.0
2015-09-22T16:06:38,145.0
2015-09-22T16:22:31,130.0
2015-09-22T16:32:38,145.0
2015-09-22T16:50:39,139.0
2015-09-22T17:08:30,127.0
2015-09-22T17:09:43,143.0
2015-09-22T17:37:39,158.0
2015-09-22T17:44:55,38.0
2015-09-22T18:03:34,73.0
2015-09-22T18:13:31,119.0
2015-09-22T18:36:46,125.0
2015-09-22T18:42:22,64.0
2015-09-22T18:59:57,136.0
2015-09-22T19:12:54,26.0
2015-09-22T19:20:49,95.0
2015-09-22T19:46:44,139.0
2015-09-22T19:55:56,69.0
2015-09-22T20:06:55,102.0
2015-09-22T20:27:58,107.0
2015-09-22T20:43:39,157.0
2015-09-22T20:52:53,157.0
2015-09-22T21:11:00,74.0
2015-09-22T21:24:53,83.0
2015-09-22T21:51:55,124.0
2015-09-22T22:17:48,88.0
2015-09-22T22:38:02,95.0
2015-09-22T23:06:50,136.0
2015-09-22T23:35:56,123.0
2015-09-22T00:18:47,102.0
2015-09-22T01:50:53,73.0
2015-09-22T03:20:53,74.0
2015-09-22T06:10:48,71.0
2015-09-22T06:43:47,96.0
2015-09-22T07:11:04,48.0
2015-09-22T07:46:59,26.0
2015-09-22T08:05:03,94.0
2015-09-22T08:24:14,195.0
2015-09-22T08:42:07,99.0
2015-09-22T08:48:59,155.0
2015-09-22T09:15:54,136.0
2015-09-22T09:42:45,103.0
2015-09-22T09:59:49,71.0
2015-09-22T10:16:48,112.0
2015-09-22T10:28:00,127.0
2015-09-23T10:43:44,133.0
2015-09-23T11:25:01,136.0
2015-09-23T11:56:54,149.0
2015-09-23T12:36:44,115.0
2015-09-23T12:37:58,134.0
2015-09-23T12:55:51,84.0
2015-09-23T13:36:07,149.0
2015-09-23T14:07:56,92.0
2015-09-23T14:37:48,162.0
2015-09-23T14:47:45,121.0
2015-09-23T14:52:54,131.0
2015-09-23T15:04:40,119.0
2015-09-23T15:47:46,122.0
2015-09-23T16:19:36,129.0
2015-09-23T16:30:49,89.0
2015-09-23T16:53:55,91.0
2015-09-23T17:10:33,62.0
2015-09-23T17:22:44,137.0
2015-09-23T17:23:26,130.0
2015-09-23T18:06:28,133.0
2015-09-23T18:37:02,139.0
2015-09-23T18:41:02,127.0
2015-09-23T19:04:30,66.0
2015-09-23T19:29:59,128.0
2015-09-23T19:30:56,77.0
2015-09-23T19:41:02,75.0
2015-09-23T20:13:48,77.0
2015-09-23T20:43:05,99.0
2015-09-23T21:04:59,77.0
2015-09-23T21:32:00,101.0
2015-09-23T21:33:57,74.0
2015-09-23T22:36:56,86.0
2015-09-23T23:13:52,127.0
2015-09-23T23:16:40,56.0
2015-09-23T00:18:46,101.0
2015-09-23T01:50:57,73.0
2015-09-23T03:20:54,70.0
2015-09-23T04:50:51,72.0
2015-09-23T06:04:52,96.0
2015-09-23T06:36:52,87.0
2015-09-23T07:09:08,95.0
2015-09-23T08:01:56,132.0
2015-09-23T08:20:00,162.0
2015-09-23T08:53:56,195.0
2015-09-23T08:54:26,140.0
2015-09-23T09:16:41,114.0
2015-09-23T09:44:01,127.0
2015-09-23T10:18:03,30.0
2015-09-23T10:24:50,79.0
2015-09-24T11:12:43,121.0
2015-09-24T10:56:43,129.0
2015-09-24T11:24:47,112.0
2015-09-24T11:36:48,109.0
2015-09-24T11:44:49,136.0
2015-09-24T11:54:50,119.0
2015-09-24T12:06:04,134.0
2015-09-24T12:16:54,81.0
2015-09-24T13:03:55,88.0
2015-09-24T13:06:43,129.0
2015-09-24T13:35:48,122.0
2015-09-24T13:49:49,120.0
2015-09-24T13:58:46,70.0
2015-09-24T14:05:50,66.0
2015-09-24T14:13:50,119.0
2015-09-24T14:30:45,117.0
2015-09-24T15:06:59,79.0
2015-09-24T15:17:47,105.0
2015-09-24T15:52:53,124.0
2015-09-24T16:08:39,143.0
2015-09-24T16:13:40,136.0
2015-09-24T16:27:52,160.0
2015-09-24T16:35:33,133.0
2015-09-24T16:45:43,99.0
2015-09-24T17:21:30,133.0
2015-09-24T17:42:34,112.0
2015-09-24T18:03:33,79.0
2015-09-24T18:20:36,153.0
2015-09-24T18:26:47,207.0
2015-09-24T18:38:09,125.0
2015-09-24T18:48:12,121.0
2015-09-24T19:01:49,123.0
2015-09-24T19:38:55,175.0
2015-09-24T19:54:01,77.0
2015-09-24T20:05:54,115.0
2015-09-24T20:34:42,111.0
2015-09-24T20:46:53,117.0
2015-09-24T20:53:44,102.0
2015-09-24T21:47:46,152.0
2015-09-24T22:28:41,119.0
2015-09-24T22:36:38,64.0
2015-09-24T23:21:42,84.0
2015-09-24T23:50:49,72.0
2015-09-24T00:18:50,90.0
2015-09-24T00:53:54,94.0
2015-09-24T01:50:46,60.0
2015-09-24T03:20:55,70.0
2015-09-24T04:50:47,65.0
2015-09-24T06:27:46,127.0
2015-09-24T06:42:52,100.0
2015-09-24T07:15:59,80.0
2015-09-24T07:20:56,79.0
2015-09-24T07:32:53,118.0
2015-09-24T07:44:55,97.0
2015-09-24T07:58:06,33.0
2015-09-24T08:33:56,211.0
2015-09-24T08:50:35,133.0
2015-09-24T09:23:44,130.0
2015-09-24T09:27:52,132.0
2015-09-24T09:34:50,35.0
2015-09-24T09:44:44,130.0
2015-09-24T09:53:55,141.0
2015-09-24T10:07:46,68.0
2015-09-25T10:42:55,123.0
2015-09-25T11:09:55,130.0
2015-09-25T11:17:45,120.0
2015-09-25T12:57:52,137.0
2015-09-25T13:05:40,134.0
2015-09-25T13:12:00,134.0
2015-09-25T13:26:44,127.0
2015-09-25T14:35:03,114.0
2015-09-25T15:12:07,87.0
2015-09-25T15:22:53,130.0
2015-09-25T15:25:55,189.0
2015-09-25T15:32:12,150.0
2015-09-25T15:39:48,76.0
2015-09-25T16:01:03,135.0
2015-09-25T16:52:06,109.0
2015-09-25T17:37:41,81.0
2015-09-25T17:42:45,148.0
2015-09-25T17:42:47,137.0
2015-09-25T18:01:35,123.0
2015-09-25T18:11:50,135.0
2015-09-25T18:18:26,60.0
2015-09-25T19:04:57,137.0
2015-09-25T19:37:01,97.0
2015-09-25T19:48:53,129.0
2015-09-25T19:54:49,117.0
2015-09-25T20:02:47,180.0
2015-09-25T20:24:58,79.0
2015-09-25T21:11:54,130.0
2015-09-25T21:44:58,213.0
2015-09-25T21:55:46,135.0
2015-09-25T22:09:05,124.0
2015-09-25T23:23:52,140.0
2015-09-25T23:37:56,93.0
2015-09-25T00:18:41,65.0
2015-09-25T01:00:46,110.0
2015-09-25T01:22:48,91.0
2015-09-25T01:50:43,75.0
2015-09-25T02:51:53,115.0
2015-09-25T03:20:40,63.0
2015-09-25T04:20:45,101.0
2015-09-25T04:50:46,60.0
2015-09-25T05:46:42,64.0
2015-09-25T06:25:06,90.0
2015-09-25T06:43:56,75.0
2015-09-25T06:56:48,87.0
2015-09-25T08:41:03,166.0
2015-09-25T08:44:52,107.0
2015-09-25T08:55:48,118.0
2015-09-25T09:03:43,73.0
2015-09-25T09:08:01,76.0
2015-09-26T01:01:42,108.0
2015-09-01T15:48:28,229.0
2015-09-09T15:44:45,119.0
2015-09-10T15:42:51,118.0
2015-09-14T15:42:55,130.0
2015-09-15T15:41:59,149.0
2015-09-17T15:46:47,157.0
2015-09-23T15:48:23,188.0
