Time,TT
2015-07-01T10:55:10,134.0
2015-07-01T10:58:48,84.0
2015-07-01T11:12:37,67.0
2015-07-01T11:21:26,84.0
2015-07-01T11:50:15,82.0
2015-07-01T11:52:41,154.0
2015-07-01T13:00:16,162.0
2015-07-01T13:06:29,166.0
2015-07-01T13:08:28,61.0
2015-07-01T13:23:53,80.0
2015-07-01T13:40:09,62.0
2015-07-01T13:51:22,78.0
2015-07-01T13:57:52,153.0
2015-07-01T15:08:09,92.0
2015-07-01T15:14:07,101.0
2015-07-01T15:23:07,92.0
2015-07-01T15:40:59,84.0
2015-07-01T15:51:39,70.0
2015-07-01T16:05:12,84.0
2015-07-01T17:03:21,60.0
2015-07-01T17:12:45,85.0
2015-07-01T17:24:45,93.0
2015-07-01T17:33:40,92.0
2015-07-01T17:55:34,60.0
2015-07-01T18:03:44,91.0
2015-07-01T18:14:11,92.0
2015-07-01T19:09:35,95.0
2015-07-01T19:17:14,96.0
2015-07-01T19:27:35,92.0
2015-07-01T19:41:09,95.0
2015-07-01T20:08:57,69.0
2015-07-01T21:10:06,74.0
2015-07-01T21:25:19,85.0
2015-07-01T21:41:27,94.0
2015-07-01T22:10:10,74.0
2015-07-01T22:45:06,78.0
2015-07-01T23:02:39,81.0
2015-07-01T23:25:21,21.0
2015-07-01T00:21:30,28.0
2015-07-01T05:56:10,63.0
2015-07-01T06:55:06,61.0
2015-07-01T07:05:13,123.0
2015-07-01T07:17:21,83.0
2015-07-01T07:38:27,116.0
2015-07-01T07:45:08,61.0
2015-07-01T08:50:28,107.0
2015-07-01T08:56:13,101.0
2015-07-01T09:06:51,86.0
2015-07-01T09:38:31,84.0
2015-07-01T09:43:08,94.0
2015-07-01T09:50:13,90.0
2015-07-02T11:28:57,160.0
2015-07-02T11:38:18,179.0
2015-07-02T12:07:24,147.0
2015-07-02T13:27:36,162.0
2015-07-02T14:02:43,74.0
2015-07-02T13:46:15,227.0
2015-07-02T14:12:30,78.0
2015-07-02T15:32:07,92.0
2015-07-02T16:15:40,110.0
2015-07-02T15:51:45,102.0
2015-07-02T16:23:18,87.0
2015-07-02T17:44:15,89.0
2015-07-02T18:21:49,60.0
2015-07-02T18:00:31,91.0
2015-07-02T18:32:02,132.0
2015-07-02T19:54:34,120.0
2015-07-02T21:52:29,77.0
2015-07-02T23:22:37,76.0
2015-07-02T23:41:15,60.0
2015-07-02T00:23:47,70.0
2015-07-02T00:42:28,78.0
2015-07-02T05:33:48,86.0
2015-07-02T05:56:20,86.0
2015-07-02T06:12:01,89.0
2015-07-02T07:26:17,108.0
2015-07-02T07:38:13,101.0
2015-07-02T08:04:01,94.0
2015-07-02T09:33:49,206.0
2015-07-02T09:41:12,194.0
2015-07-02T10:07:42,174.0
2015-07-03T10:16:35,70.0
2015-07-03T10:25:15,74.0
2015-07-03T10:42:39,133.0
2015-07-03T10:53:51,68.0
2015-07-03T11:46:41,81.0
2015-07-03T12:16:21,127.0
2015-07-03T12:25:12,83.0
2015-07-03T12:38:59,90.0
2015-07-03T12:57:44,118.0
2015-07-03T13:55:11,126.0
2015-07-03T14:26:25,117.0
2015-07-03T14:36:29,78.0
2015-07-03T14:44:20,105.0
2015-07-03T15:05:11,83.0
2015-07-03T16:05:13,97.0
2015-07-03T16:32:13,91.0
2015-07-03T16:41:10,109.0
2015-07-03T16:54:35,79.0
2015-07-03T17:11:19,97.0
2015-07-03T18:11:12,77.0
2015-07-03T18:42:48,108.0
2015-07-03T18:53:12,100.0
2015-07-03T19:17:02,95.0
2015-07-03T20:10:08,69.0
2015-07-03T20:40:07,104.0
2015-07-03T20:53:54,85.0
2015-07-03T21:23:44,60.0
2015-07-03T22:08:52,90.0
2015-07-03T22:43:55,75.0
2015-07-03T23:02:38,83.0
2015-07-03T06:27:50,66.0
2015-07-03T06:42:51,97.0
2015-07-03T06:54:50,128.0
2015-07-03T07:45:51,118.0
2015-07-03T08:17:31,101.0
2015-07-03T08:24:53,108.0
2015-07-03T08:38:26,85.0
2015-07-03T08:56:18,81.0
2015-07-03T09:46:02,45.0
2015-07-04T10:20:03,84.0
2015-07-04T11:53:50,70.0
2015-07-04T15:53:37,63.0
2015-07-04T17:23:34,17.0
2015-07-04T18:22:37,69.0
2015-07-04T18:51:19,88.0
2015-07-04T19:22:29,87.0
2015-07-04T22:44:04,87.0
2015-07-04T00:42:48,30.0
2015-07-04T05:45:06,66.0
2015-07-04T09:22:34,76.0
2015-07-05T10:21:18,76.0
2015-07-05T14:07:27,12.0
2015-07-05T16:23:03,17.0
2015-07-05T18:06:31,15.0
2015-07-05T18:21:30,13.0
2015-07-05T19:23:45,89.0
2015-07-05T21:07:44,74.0
2015-07-05T21:36:27,82.0
2015-07-05T21:56:25,89.0
2015-07-05T23:43:45,75.0
2015-07-05T00:34:06,45.0
2015-07-05T00:51:21,84.0
2015-07-05T09:18:56,80.0
2015-07-05T10:04:02,80.0
2015-07-06T10:23:49,60.0
2015-07-06T10:38:54,74.0
2015-07-06T10:47:32,68.0
2015-07-06T11:46:33,94.0
2015-07-06T11:37:46,74.0
2015-07-06T11:53:51,69.0
2015-07-06T12:05:10,135.0
2015-07-06T12:25:09,73.0
2015-07-06T13:02:37,98.0
2015-07-06T13:06:22,105.0
2015-07-06T13:37:44,66.0
2015-07-06T13:46:16,125.0
2015-07-06T14:03:50,145.0
2015-07-06T14:14:00,72.0
2015-07-06T14:26:32,81.0
2015-07-06T14:33:45,60.0
2015-07-06T14:54:46,105.0
2015-07-06T15:20:10,100.0
2015-07-06T15:24:42,91.0
2015-07-06T15:42:45,93.0
2015-07-06T15:54:31,96.0
2015-07-06T16:12:41,99.0
2015-07-06T16:21:40,104.0
2015-07-06T16:36:29,111.0
2015-07-06T16:42:47,105.0
2015-07-06T17:03:24,89.0
2015-07-06T17:24:46,101.0
2015-07-06T17:32:13,97.0
2015-07-06T17:53:16,107.0
2015-07-06T18:03:53,100.0
2015-07-06T18:21:38,94.0
2015-07-06T18:30:48,88.0
2015-07-06T18:42:47,103.0
2015-07-06T18:54:33,111.0
2015-07-06T19:06:36,108.0
2015-07-06T19:33:44,113.0
2015-07-06T19:42:41,107.0
2015-07-06T20:23:57,75.0
2015-07-06T20:43:58,73.0
2015-07-06T20:53:39,71.0
2015-07-06T21:09:00,69.0
2015-07-06T21:40:10,83.0
2015-07-06T22:21:34,30.0
2015-07-06T22:42:32,63.0
2015-07-06T23:25:16,23.0
2015-07-06T05:55:06,91.0
2015-07-06T06:18:47,112.0
2015-07-06T06:27:37,101.0
2015-07-06T06:47:16,81.0
2015-07-06T07:03:52,88.0
2015-07-06T07:17:27,103.0
2015-07-06T07:38:14,113.0
2015-07-06T07:54:59,46.0
2015-07-06T08:02:37,120.0
2015-07-06T08:14:22,79.0
2015-07-06T08:26:05,69.0
2015-07-06T08:35:19,109.0
2015-07-06T08:48:30,68.0
2015-07-06T09:17:20,81.0
2015-07-06T09:39:51,83.0
2015-07-06T09:56:26,108.0
2015-07-06T10:09:02,78.0
2015-07-07T10:16:28,62.0
2015-07-07T10:47:37,68.0
2015-07-07T10:56:39,88.0
2015-07-07T11:17:45,72.0
2015-07-07T11:57:44,68.0
2015-07-07T12:17:35,70.0
2015-07-07T12:51:34,79.0
2015-07-07T12:57:32,122.0
2015-07-07T13:17:42,69.0
2015-07-07T13:34:06,74.0
2015-07-07T14:01:36,74.0
2015-07-07T14:24:04,20.0
2015-07-07T14:53:15,101.0
2015-07-07T15:03:07,62.0
2015-07-07T15:26:14,104.0
2015-07-07T15:42:39,101.0
2015-07-07T16:18:35,78.0
2015-07-07T16:38:15,99.0
2015-07-07T17:03:30,81.0
2015-07-07T17:15:32,73.0
2015-07-07T17:35:02,169.0
2015-07-07T17:53:22,92.0
2015-07-07T18:20:22,108.0
2015-07-07T18:44:15,93.0
2015-07-07T19:09:36,92.0
2015-07-07T19:38:02,116.0
2015-07-07T19:42:34,102.0
2015-07-07T20:23:52,111.0
2015-07-07T20:42:39,62.0
2015-07-07T21:10:03,71.0
2015-07-07T21:27:32,63.0
2015-07-07T21:40:04,83.0
2015-07-07T22:22:43,80.0
2015-07-07T22:42:38,65.0
2015-07-07T23:07:21,74.0
2015-07-07T00:03:49,90.0
2015-07-07T00:18:47,61.0
2015-07-07T06:59:17,86.0
2015-07-07T07:14:15,82.0
2015-07-07T07:56:11,79.0
2015-07-07T08:19:02,133.0
2015-07-07T08:47:37,105.0
2015-07-07T08:56:24,120.0
2015-07-07T09:17:06,105.0
2015-07-07T10:17:53,44.0
2015-07-08T10:56:27,97.0
2015-07-08T11:38:49,61.0
2015-07-08T11:46:26,80.0
2015-07-08T12:18:52,83.0
2015-07-08T12:58:49,67.0
2015-07-08T13:43:39,69.0
2015-07-08T13:55:13,92.0
2015-07-08T14:24:03,71.0
2015-07-08T15:09:39,107.0
2015-07-08T15:50:13,99.0
2015-07-08T16:03:37,103.0
2015-07-08T16:32:11,98.0
2015-07-08T17:16:58,80.0
2015-07-08T18:00:41,103.0
2015-07-08T18:12:49,109.0
2015-07-08T18:41:15,105.0
2015-07-08T19:17:18,99.0
2015-07-08T20:15:07,83.0
2015-07-08T20:38:48,95.0
2015-07-08T21:23:53,63.0
2015-07-08T22:09:00,61.0
2015-07-08T23:05:02,86.0
2015-07-08T00:02:37,90.0
2015-07-08T00:24:04,43.0
2015-07-08T00:47:31,63.0
2015-07-08T05:56:08,78.0
2015-07-08T06:57:53,90.0
2015-07-08T07:36:45,84.0
2015-07-08T07:44:18,83.0
2015-07-08T07:56:16,107.0
2015-07-08T08:56:34,103.0
2015-07-08T09:36:47,85.0
2015-07-08T09:47:26,88.0
2015-07-08T10:18:44,94.0
2015-07-09T10:17:49,79.0
2015-07-09T10:38:43,60.0
2015-07-09T10:51:40,87.0
2015-07-09T11:26:11,97.0
2015-07-09T11:18:58,58.0
2015-07-09T11:22:43,68.0
2015-07-09T11:41:28,66.0
2015-07-09T12:02:45,69.0
2015-07-09T12:17:42,71.0
2015-07-09T12:39:55,63.0
2015-07-09T12:52:53,79.0
2015-07-09T13:15:14,61.0
2015-07-09T13:22:45,77.0
2015-07-09T13:45:15,81.0
2015-07-09T14:07:39,44.0
2015-07-09T14:24:04,80.0
2015-07-09T14:48:47,108.0
2015-07-09T14:51:45,86.0
2015-07-09T15:23:16,124.0
2015-07-09T15:33:44,87.0
2015-07-09T16:14:25,93.0
2015-07-09T16:33:50,110.0
2015-07-09T16:52:56,86.0
2015-07-09T16:57:42,102.0
2015-07-09T17:34:56,60.0
2015-07-09T17:41:24,92.0
2015-07-09T18:20:23,111.0
2015-07-09T18:42:49,106.0
2015-07-09T19:05:09,113.0
2015-07-09T19:44:16,115.0
2015-07-09T19:54:40,95.0
2015-07-09T20:22:30,60.0
2015-07-09T20:38:51,77.0
2015-07-09T21:11:28,74.0
2015-07-09T21:44:06,83.0
2015-07-09T21:53:47,90.0
2015-07-09T22:43:53,77.0
2015-07-09T23:41:17,76.0
2015-07-09T00:43:38,72.0
2015-07-09T05:32:33,67.0
2015-07-09T05:57:31,74.0
2015-07-09T06:47:22,93.0
2015-07-09T07:08:13,59.0
2015-07-09T07:15:49,110.0
2015-07-09T07:24:50,100.0
2015-07-09T07:36:50,78.0
2015-07-09T08:15:40,69.0
2015-07-09T08:41:24,77.0
2015-07-09T08:50:20,86.0
2015-07-09T09:02:09,88.0
2015-07-09T09:18:54,118.0
2015-07-09T09:24:47,87.0
2015-07-09T09:41:29,89.0
2015-07-09T10:02:11,57.0
2015-07-10T10:56:35,84.0
2015-07-10T11:12:51,82.0
2015-07-10T11:22:35,68.0
2015-07-10T11:56:23,61.0
2015-07-10T12:10:17,75.0
2015-07-10T12:58:55,88.0
2015-07-10T13:18:52,76.0
2015-07-10T13:23:49,134.0
2015-07-10T13:39:00,77.0
2015-07-10T14:05:02,76.0
2015-07-10T15:05:15,101.0
2015-07-10T15:23:18,111.0
2015-07-10T15:33:49,100.0
2015-07-10T15:44:11,108.0
2015-07-10T16:11:18,100.0
2015-07-10T16:21:41,97.0
2015-07-10T17:13:58,85.0
2015-07-10T17:35:10,104.0
2015-07-10T17:41:15,97.0
2015-07-10T17:50:04,89.0
2015-07-10T18:20:21,100.0
2015-07-10T18:30:41,101.0
2015-07-10T19:17:08,94.0
2015-07-10T19:41:08,94.0
2015-07-10T19:53:17,116.0
2015-07-10T20:23:58,80.0
2015-07-10T21:25:05,142.0
2015-07-10T21:40:15,79.0
2015-07-10T21:52:50,88.0
2015-07-10T22:22:37,73.0
2015-07-10T22:43:58,75.0
2015-07-10T23:07:43,74.0
2015-07-10T23:41:20,85.0
2015-07-10T00:02:35,106.0
2015-07-10T00:23:40,61.0
2015-07-10T05:32:35,76.0
2015-07-10T06:17:21,100.0
2015-07-10T06:56:30,93.0
2015-07-10T07:16:13,107.0
2015-07-10T07:23:15,104.0
2015-07-10T07:59:14,109.0
2015-07-10T08:05:13,107.0
2015-07-10T08:59:20,111.0
2015-07-10T09:17:11,103.0
2015-07-10T09:44:08,79.0
2015-07-10T09:59:15,102.0
2015-07-10T10:08:26,60.0
2015-07-11T11:07:38,66.0
2015-07-11T11:18:54,83.0
2015-07-11T11:50:11,79.0
2015-07-11T13:08:54,102.0
2015-07-11T13:18:47,76.0
2015-07-11T13:48:57,80.0
2015-07-11T15:06:26,89.0
2015-07-11T15:21:24,77.0
2015-07-11T15:50:26,76.0
2015-07-11T17:05:12,60.0
2015-07-11T17:20:03,61.0
2015-07-11T17:50:18,94.0
2015-07-11T19:12:33,60.0
2015-07-11T19:23:58,101.0
2015-07-11T19:45:23,81.0
2015-07-11T20:54:06,19.0
2015-07-11T21:29:02,74.0
2015-07-11T23:39:03,91.0
2015-07-11T23:22:47,80.0
2015-07-11T00:02:38,82.0
2015-07-11T00:26:29,85.0
2015-07-11T00:42:35,70.0
2015-07-11T06:21:06,67.0
2015-07-11T08:02:30,75.0
2015-07-11T09:18:53,82.0
2015-07-11T09:48:44,90.0
2015-07-12T10:20:01,88.0
2015-07-12T10:52:40,85.0
2015-07-12T11:10:58,73.0
2015-07-12T11:35:05,76.0
2015-07-12T11:58:55,75.0
2015-07-12T12:18:38,69.0
2015-07-12T12:53:54,84.0
2015-07-12T13:08:57,67.0
2015-07-12T13:35:04,73.0
2015-07-12T14:06:34,86.0
2015-07-12T14:20:02,153.0
2015-07-12T14:50:20,79.0
2015-07-12T15:03:54,62.0
2015-07-12T15:33:55,68.0
2015-07-12T16:04:53,61.0
2015-07-12T16:20:13,60.0
2015-07-12T16:50:08,77.0
2015-07-12T17:06:27,65.0
2015-07-12T17:35:15,67.0
2015-07-12T18:05:13,83.0
2015-07-12T18:22:29,118.0
2015-07-12T18:52:40,51.0
2015-07-12T19:07:39,64.0
2015-07-12T19:52:29,84.0
2015-07-12T20:11:14,72.0
2015-07-12T20:41:23,83.0
2015-07-12T20:55:03,121.0
2015-07-12T21:36:29,90.0
2015-07-12T22:23:50,59.0
2015-07-12T22:43:50,66.0
2015-07-12T23:21:27,84.0
2015-07-12T00:56:26,130.0
2015-07-12T05:43:51,71.0
2015-07-12T06:02:22,54.0
2015-07-12T06:42:22,92.0
2015-07-12T07:22:37,77.0
2015-07-12T07:42:33,135.0
2015-07-12T09:02:41,107.0
2015-07-12T09:35:03,90.0
2015-07-12T10:05:05,88.0
2015-07-13T10:36:11,92.0
2015-07-13T11:00:13,134.0
2015-07-13T11:07:44,74.0
2015-07-13T11:35:26,104.0
2015-07-13T11:47:41,74.0
2015-07-13T12:14:11,83.0
2015-07-13T12:34:02,79.0
2015-07-13T13:00:04,88.0
2015-07-13T13:09:01,93.0
2015-07-13T13:45:09,139.0
2015-07-13T14:25:07,90.0
2015-07-13T14:13:52,118.0
2015-07-13T14:42:40,94.0
2015-07-13T15:17:23,100.0
2015-07-13T15:52:01,104.0
2015-07-13T16:08:09,63.0
2015-07-13T16:19:49,61.0
2015-07-13T16:51:50,101.0
2015-07-13T17:14:23,114.0
2015-07-13T17:23:14,77.0
2015-07-13T18:02:13,105.0
2015-07-13T18:12:33,99.0
2015-07-13T18:32:26,118.0
2015-07-13T19:15:42,103.0
2015-07-13T19:27:49,120.0
2015-07-13T20:16:15,64.0
2015-07-13T21:26:18,78.0
2015-07-13T22:10:10,67.0
2015-07-13T23:06:15,103.0
2015-07-13T23:26:14,87.0
2015-07-13T00:03:40,63.0
2015-07-13T00:27:21,63.0
2015-07-13T05:54:58,79.0
2015-07-13T06:13:59,85.0
2015-07-13T06:44:14,111.0
2015-07-13T06:56:21,103.0
2015-07-13T07:03:45,89.0
2015-07-13T07:38:19,105.0
2015-07-13T07:45:45,127.0
2015-07-13T08:06:18,91.0
2015-07-13T08:35:22,87.0
2015-07-13T09:00:49,83.0
2015-07-13T09:08:16,101.0
2015-07-13T09:38:18,126.0
2015-07-13T09:47:14,114.0
2015-07-13T10:07:41,105.0
2015-07-14T10:15:14,93.0
2015-07-14T10:30:07,140.0
2015-07-14T10:43:55,81.0
2015-07-14T11:06:34,88.0
2015-07-14T11:26:26,80.0
2015-07-14T12:03:57,83.0
2015-07-14T12:18:49,133.0
2015-07-14T12:29:01,63.0
2015-07-14T12:47:44,68.0
2015-07-14T13:06:29,93.0
2015-07-14T13:26:36,82.0
2015-07-14T14:24:02,94.0
2015-07-14T14:38:14,116.0
2015-07-14T14:53:09,110.0
2015-07-14T15:15:28,87.0
2015-07-14T15:32:28,100.0
2015-07-14T16:15:51,88.0
2015-07-14T16:29:21,105.0
2015-07-14T16:44:25,83.0
2015-07-14T17:03:54,81.0
2015-07-14T17:24:42,111.0
2015-07-14T17:42:46,114.0
2015-07-14T18:26:16,122.0
2015-07-14T18:39:45,92.0
2015-07-14T18:54:42,110.0
2015-07-14T19:09:38,95.0
2015-07-14T19:29:11,111.0
2015-07-14T19:54:42,103.0
2015-07-14T20:37:39,60.0
2015-07-14T20:53:53,91.0
2015-07-14T21:12:40,81.0
2015-07-14T21:52:41,72.0
2015-07-14T22:43:52,77.0
2015-07-14T23:42:29,78.0
2015-07-14T00:42:26,81.0
2015-07-14T05:32:18,62.0
2015-07-14T06:30:45,113.0
2015-07-14T07:03:42,64.0
2015-07-14T07:26:08,107.0
2015-07-14T07:57:47,92.0
2015-07-14T08:16:00,71.0
2015-07-14T08:23:19,101.0
2015-07-14T08:47:35,93.0
2015-07-14T09:05:16,41.0
2015-07-14T09:26:18,81.0
2015-07-14T09:59:28,86.0
2015-07-15T10:37:45,58.0
2015-07-15T11:56:29,65.0
2015-07-15T12:04:00,70.0
2015-07-15T12:38:51,60.0
2015-07-15T13:17:39,67.0
2015-07-15T14:02:36,68.0
2015-07-15T14:15:09,60.0
2015-07-15T14:44:09,108.0
2015-07-15T15:24:46,99.0
2015-07-15T16:21:23,60.0
2015-07-15T16:53:26,98.0
2015-07-15T17:35:25,114.0
2015-07-15T18:32:17,107.0
2015-07-15T19:41:13,93.0
2015-07-15T21:40:09,75.0
2015-07-15T22:42:37,75.0
2015-07-15T00:22:28,56.0
2015-07-15T06:12:33,84.0
2015-07-15T06:45:47,112.0
2015-07-15T07:17:14,109.0
2015-07-15T07:56:26,101.0
2015-07-15T08:05:12,159.0
2015-07-15T08:38:18,84.0
2015-07-15T09:24:44,191.0
2015-07-15T10:05:03,88.0
2015-07-16T10:38:39,68.0
2015-07-16T10:53:58,77.0
2015-07-16T11:46:35,62.0
2015-07-16T12:37:41,76.0
2015-07-16T12:58:48,70.0
2015-07-16T13:55:14,72.0
2015-07-16T14:44:18,109.0
2015-07-16T15:03:44,110.0
2015-07-16T16:05:24,114.0
2015-07-16T16:53:28,126.0
2015-07-16T17:15:44,110.0
2015-07-16T18:14:21,92.0
2015-07-16T19:17:06,106.0
2015-07-16T20:11:19,65.0
2015-07-16T21:22:34,88.0
2015-07-16T22:43:50,67.0
2015-07-16T23:13:49,92.0
2015-07-16T23:23:34,81.0
2015-07-16T00:23:54,91.0
2015-07-16T06:41:34,57.0
2015-07-16T06:54:44,116.0
2015-07-16T07:48:44,105.0
2015-07-16T07:56:21,104.0
2015-07-16T08:38:17,107.0
2015-07-16T09:38:41,65.0
2015-07-16T09:47:14,104.0
2015-07-17T10:15:28,93.0
2015-07-17T11:12:40,75.0
2015-07-17T11:27:50,78.0
2015-07-17T11:38:46,121.0
2015-07-17T11:47:41,83.0
2015-07-17T12:16:26,60.0
2015-07-17T13:03:31,48.0
2015-07-17T13:26:36,84.0
2015-07-17T13:32:47,78.0
2015-07-17T13:46:29,72.0
2015-07-17T13:56:27,73.0
2015-07-17T14:24:08,59.0
2015-07-17T15:14:14,96.0
2015-07-17T15:30:42,104.0
2015-07-17T15:44:24,100.0
2015-07-17T16:01:57,75.0
2015-07-17T16:05:08,87.0
2015-07-17T16:32:17,93.0
2015-07-17T17:23:10,180.0
2015-07-17T17:42:45,94.0
2015-07-17T17:53:20,86.0
2015-07-17T18:02:14,88.0
2015-07-17T18:12:40,86.0
2015-07-17T18:39:44,70.0
2015-07-17T19:29:09,103.0
2015-07-17T19:53:04,112.0
2015-07-17T20:11:33,68.0
2015-07-17T20:38:59,78.0
2015-07-17T21:54:26,30.0
2015-07-17T22:09:24,101.0
2015-07-17T23:42:39,84.0
2015-07-17T00:31:16,88.0
2015-07-17T00:42:22,95.0
2015-07-17T05:33:49,83.0
2015-07-17T05:52:58,54.0
2015-07-17T07:15:56,130.0
2015-07-17T07:24:54,43.0
2015-07-17T07:35:12,79.0
2015-07-17T07:47:11,83.0
2015-07-17T08:14:25,82.0
2015-07-17T09:08:22,75.0
2015-07-17T09:26:21,92.0
2015-07-17T09:38:14,96.0
2015-07-17T09:47:11,90.0
2015-07-18T10:19:01,67.0
2015-07-18T10:50:13,61.0
2015-07-18T11:20:06,90.0
2015-07-18T12:07:47,74.0
2015-07-18T12:18:55,71.0
2015-07-18T12:48:52,54.0
2015-07-18T13:17:44,59.0
2015-07-18T14:05:09,61.0
2015-07-18T14:20:04,70.0
2015-07-18T14:51:41,105.0
2015-07-18T15:19:04,73.0
2015-07-18T16:07:46,77.0
2015-07-18T16:20:16,84.0
2015-07-18T17:22:38,127.0
2015-07-18T18:08:55,67.0
2015-07-18T18:20:17,69.0
2015-07-18T18:55:05,142.0
2015-07-18T19:22:34,63.0
2015-07-18T19:56:20,70.0
2015-07-18T20:12:42,67.0
2015-07-18T20:42:37,72.0
2015-07-18T21:08:56,67.0
2015-07-18T21:38:53,74.0
2015-07-18T22:03:58,139.0
2015-07-18T22:44:54,118.0
2015-07-18T22:48:19,179.0
2015-07-18T23:50:14,76.0
2015-07-18T05:41:22,102.0
2015-07-18T06:41:20,86.0
2015-07-18T07:21:14,75.0
2015-07-18T08:22:37,68.0
2015-07-18T09:02:38,68.0
2015-07-18T09:17:49,82.0
2015-07-18T10:07:47,70.0
2015-07-19T10:50:09,75.0
2015-07-19T11:09:58,60.0
2015-07-19T11:19:00,70.0
2015-07-19T12:05:18,84.0
2015-07-19T12:51:15,140.0
2015-07-19T13:06:24,65.0
2015-07-19T13:20:17,68.0
2015-07-19T14:08:01,33.0
2015-07-19T14:51:26,145.0
2015-07-19T15:05:03,60.0
2015-07-19T15:21:31,78.0
2015-07-19T16:05:15,67.0
2015-07-19T16:48:52,60.0
2015-07-19T17:07:43,56.0
2015-07-19T17:21:24,58.0
2015-07-19T18:05:06,121.0
2015-07-19T18:56:20,64.0
2015-07-19T19:08:58,85.0
2015-07-19T19:23:47,72.0
2015-07-19T19:54:01,60.0
2015-07-19T20:41:16,53.0
2015-07-19T20:55:03,75.0
2015-07-19T21:08:37,116.0
2015-07-19T21:41:36,62.0
2015-07-19T22:23:45,75.0
2015-07-19T23:22:34,68.0
2015-07-19T00:02:40,85.0
2015-07-19T00:22:42,93.0
2015-07-19T05:42:22,75.0
2015-07-19T07:23:48,90.0
2015-07-19T09:03:52,79.0
2015-07-19T09:22:43,69.0
2015-07-19T10:15:09,85.0
2015-07-20T10:13:47,64.0
2015-07-20T10:26:27,70.0
2015-07-20T10:58:54,64.0
2015-07-20T12:17:37,56.0
2015-07-20T12:27:29,60.0
2015-07-20T12:56:24,77.0
2015-07-20T14:02:35,60.0
2015-07-20T14:13:51,61.0
2015-07-20T14:23:53,72.0
2015-07-20T14:33:40,98.0
2015-07-20T15:05:19,114.0
2015-07-20T16:14:18,106.0
2015-07-20T16:21:34,68.0
2015-07-20T16:32:06,91.0
2015-07-20T16:41:17,92.0
2015-07-20T17:11:05,81.0
2015-07-20T18:24:36,87.0
2015-07-20T18:30:39,86.0
2015-07-20T18:41:07,87.0
2015-07-20T18:55:26,60.0
2015-07-20T19:15:54,36.0
2015-07-20T20:22:10,40.0
2015-07-20T20:38:54,71.0
2015-07-20T20:55:27,90.0
2015-07-20T21:24:52,82.0
2015-07-20T22:21:20,69.0
2015-07-20T23:22:23,73.0
2015-07-20T00:04:57,60.0
2015-07-20T06:12:59,37.0
2015-07-20T06:27:38,31.0
2015-07-20T06:56:19,103.0
2015-07-20T08:00:42,71.0
2015-07-20T08:15:42,99.0
2015-07-20T08:27:39,71.0
2015-07-20T08:57:45,104.0
2015-07-20T09:56:16,102.0
2015-07-20T10:06:30,60.0
2015-07-21T10:47:40,73.0
2015-07-21T11:06:22,59.0
2015-07-21T11:36:24,89.0
2015-07-21T11:49:52,61.0
2015-07-21T12:47:23,75.0
2015-07-21T13:07:37,90.0
2015-07-21T13:44:01,98.0
2015-07-21T13:54:58,60.0
2015-07-21T14:53:00,91.0
2015-07-21T15:15:36,93.0
2015-07-21T15:50:10,102.0
2015-07-21T16:02:09,87.0
2015-07-21T17:04:59,95.0
2015-07-21T17:26:12,95.0
2015-07-21T18:02:06,93.0
2015-07-21T18:12:40,95.0
2015-07-21T19:05:50,60.0
2015-07-21T19:24:37,107.0
2015-07-21T20:08:56,75.0
2015-07-21T21:09:01,71.0
2015-07-21T22:08:52,64.0
2015-07-21T22:42:44,98.0
2015-07-21T23:25:01,79.0
2015-07-21T00:02:34,83.0
2015-07-21T05:55:17,42.0
2015-07-21T06:28:00,28.0
2015-07-21T07:02:37,31.0
2015-07-21T07:38:15,102.0
2015-07-21T07:43:00,30.0
2015-07-21T07:54:51,43.0
2015-07-21T08:47:11,98.0
2015-07-21T09:05:35,40.0
2015-07-21T09:37:04,43.0
2015-07-21T09:46:00,29.0
2015-07-21T10:29:46,86.0
2015-07-22T10:26:32,70.0
2015-07-22T11:05:07,67.0
2015-07-22T11:37:35,83.0
2015-07-22T12:02:38,57.0
2015-07-22T12:24:04,62.0
2015-07-22T13:06:25,76.0
2015-07-22T13:15:09,60.0
2015-07-22T13:36:25,77.0
2015-07-22T13:45:10,61.0
2015-07-22T14:12:40,41.0
2015-07-22T14:36:40,100.0
2015-07-22T15:14:18,97.0
2015-07-22T15:24:45,93.0
2015-07-22T15:42:48,109.0
2015-07-22T15:49:58,73.0
2015-07-22T16:23:12,97.0
2015-07-22T16:42:43,93.0
2015-07-22T17:32:22,41.0
2015-07-22T17:36:38,91.0
2015-07-22T17:53:06,71.0
2015-07-22T18:02:18,104.0
2015-07-22T18:30:49,40.0
2015-07-22T18:54:37,97.0
2015-07-22T19:24:45,99.0
2015-07-22T19:42:42,91.0
2015-07-22T20:54:00,72.0
2015-07-22T21:38:53,57.0
2015-07-22T22:42:40,97.0
2015-07-22T00:23:40,66.0
2015-07-22T05:56:09,62.0
2015-07-22T06:12:46,36.0
2015-07-22T06:26:37,38.0
2015-07-22T07:02:40,32.0
2015-07-22T07:13:00,30.0
2015-07-22T07:36:27,60.0
2015-07-22T08:05:14,82.0
2015-07-22T08:25:04,34.0
2015-07-22T09:07:45,60.0
2015-07-22T09:17:19,96.0
2015-07-22T09:39:44,103.0
2015-07-22T10:08:47,81.0
2015-07-23T10:17:41,80.0
2015-07-23T10:26:15,70.0
2015-07-23T10:44:35,60.0
2015-07-23T10:56:32,75.0
2015-07-23T11:52:35,84.0
2015-07-23T12:05:09,37.0
2015-07-23T12:06:15,60.0
2015-07-23T12:16:18,86.0
2015-07-23T12:23:46,90.0
2015-07-23T12:39:50,60.0
2015-07-23T12:51:27,80.0
2015-07-23T13:36:33,60.0
2015-07-23T13:46:21,85.0
2015-07-23T14:02:39,36.0
2015-07-23T14:12:42,74.0
2015-07-23T14:23:47,60.0
2015-07-23T14:38:01,92.0
2015-07-23T14:43:50,82.0
2015-07-23T14:53:01,86.0
2015-07-23T15:42:37,89.0
2015-07-23T16:54:25,110.0
2015-07-23T16:15:33,92.0
2015-07-23T16:35:04,81.0
2015-07-23T16:44:00,104.0
2015-07-23T16:52:56,66.0
2015-07-23T17:03:34,90.0
2015-07-23T17:51:45,93.0
2015-07-23T18:54:24,72.0
2015-07-23T18:45:40,93.0
2015-07-23T19:01:52,63.0
2015-07-23T19:06:30,96.0
2015-07-23T20:22:36,45.0
2015-07-23T20:38:47,65.0
2015-07-23T20:53:59,59.0
2015-07-23T21:11:14,83.0
2015-07-23T22:22:33,74.0
2015-07-23T22:42:30,77.0
2015-07-23T23:23:58,79.0
2015-07-23T05:53:49,68.0
2015-07-23T06:11:08,93.0
2015-07-23T06:27:38,75.0
2015-07-23T06:43:08,58.0
2015-07-23T07:37:08,42.0
2015-07-23T07:55:01,40.0
2015-07-23T08:05:08,95.0
2015-07-23T08:14:17,82.0
2015-07-23T08:27:53,31.0
2015-07-23T08:38:19,83.0
2015-07-23T08:47:37,45.0
2015-07-24T10:17:43,66.0
2015-07-24T10:25:17,92.0
2015-07-24T10:38:53,72.0
2015-07-24T10:51:22,66.0
2015-07-24T11:01:33,61.0
2015-07-24T11:15:08,75.0
2015-07-24T11:51:23,81.0
2015-07-24T12:16:31,76.0
2015-07-24T12:23:55,73.0
2015-07-24T12:40:07,76.0
2015-07-24T13:02:25,82.0
2015-07-24T13:03:55,89.0
2015-07-24T13:16:18,74.0
2015-07-24T13:38:47,59.0
2015-07-24T13:55:10,74.0
2015-07-24T14:27:48,74.0
2015-07-24T14:35:04,99.0
2015-07-24T14:47:10,96.0
2015-07-24T14:53:07,96.0
2015-07-24T15:05:07,81.0
2015-07-24T15:24:52,92.0
2015-07-24T15:39:33,92.0
2015-07-24T16:01:59,90.0
2015-07-24T16:35:14,79.0
2015-07-24T16:42:37,98.0
2015-07-24T16:48:25,70.0
2015-07-24T17:02:15,98.0
2015-07-24T17:14:10,99.0
2015-07-24T17:34:25,60.0
2015-07-24T17:53:01,85.0
2015-07-24T18:15:48,91.0
2015-07-24T18:42:37,89.0
2015-07-24T18:54:36,94.0
2015-07-24T19:06:38,96.0
2015-07-24T19:18:36,100.0
2015-07-24T19:41:00,107.0
2015-07-24T20:10:08,69.0
2015-07-24T20:39:58,65.0
2015-07-24T20:56:08,66.0
2015-07-24T21:11:26,74.0
2015-07-24T21:24:03,71.0
2015-07-24T21:43:50,93.0
2015-07-24T22:09:05,39.0
2015-07-24T22:46:38,76.0
2015-07-24T23:02:35,80.0
2015-07-24T23:23:51,93.0
2015-07-24T00:01:24,75.0
2015-07-24T00:26:24,60.0
2015-07-24T06:26:13,31.0
2015-07-24T06:43:09,34.0
2015-07-24T06:53:30,107.0
2015-07-24T07:14:32,38.0
2015-07-24T08:42:43,79.0
2015-07-24T08:14:23,81.0
2015-07-24T08:23:17,81.0
2015-07-24T08:45:44,96.0
2015-07-24T08:52:06,29.0
2015-07-24T08:59:16,90.0
2015-07-24T09:17:16,99.0
2015-07-24T09:53:11,94.0
2015-07-25T10:17:36,65.0
2015-07-25T11:10:52,32.0
2015-07-25T11:37:27,70.0
2015-07-25T12:18:58,54.0
2015-07-25T13:09:03,58.0
2015-07-25T13:39:00,79.0
2015-07-25T14:22:40,64.0
2015-07-25T14:51:29,84.0
2015-07-25T15:14:05,80.0
2015-07-25T15:35:07,72.0
2015-07-25T16:20:04,75.0
2015-07-25T17:06:35,65.0
2015-07-25T17:40:06,106.0
2015-07-25T18:26:22,66.0
2015-07-25T19:11:28,29.0
2015-07-25T20:55:05,68.0
2015-07-25T23:23:45,68.0
2015-07-25T23:42:25,61.0
2015-07-25T00:23:33,68.0
2015-07-25T00:42:36,90.0
2015-07-25T06:01:11,66.0
2015-07-25T06:41:24,33.0
2015-07-25T07:42:26,70.0
2015-07-25T09:31:20,75.0
2015-07-26T10:56:41,312.0
2015-07-26T12:08:49,89.0
2015-07-26T12:35:18,34.0
2015-07-26T12:48:50,142.0
2015-07-26T14:05:12,75.0
2015-07-26T14:41:20,57.0
2015-07-26T14:50:02,72.0
2015-07-26T16:05:09,64.0
2015-07-26T16:39:06,66.0
2015-07-26T16:48:51,71.0
2015-07-26T18:05:03,66.0
2015-07-26T18:41:27,71.0
2015-07-26T18:52:34,78.0
2015-07-26T19:55:03,63.0
2015-07-26T20:25:11,82.0
2015-07-26T21:42:34,68.0
2015-07-26T22:11:26,75.0
2015-07-26T22:42:42,50.0
2015-07-26T05:19:51,64.0
2015-07-26T05:39:52,67.0
2015-07-26T07:03:50,168.0
2015-07-26T07:22:26,91.0
2015-07-26T08:56:59,959.0
2015-07-26T10:10:19,257.0
2015-07-27T10:17:32,65.0
2015-07-27T10:25:05,61.0
2015-07-27T10:36:36,60.0
2015-07-27T10:49:02,34.0
2015-07-27T11:04:57,60.0
2015-07-27T11:17:40,78.0
2015-07-27T11:28:47,79.0
2015-07-27T11:37:41,59.0
2015-07-27T11:55:09,71.0
2015-07-27T12:08:51,91.0
2015-07-27T12:30:06,61.0
2015-07-27T12:37:30,91.0
2015-07-27T12:46:25,78.0
2015-07-27T12:57:33,72.0
2015-07-27T13:22:31,56.0
2015-07-27T13:45:13,76.0
2015-07-27T14:02:43,65.0
2015-07-27T14:13:51,64.0
2015-07-27T14:31:49,99.0
2015-07-27T14:42:22,83.0
2015-07-27T14:53:03,95.0
2015-07-27T15:02:10,34.0
2015-07-27T15:21:55,33.0
2015-07-27T15:36:44,93.0
2015-07-27T15:59:10,106.0
2015-07-27T16:15:32,79.0
2015-07-27T16:23:02,86.0
2015-07-27T16:43:29,60.0
2015-07-27T16:54:30,148.0
2015-07-27T17:02:03,92.0
2015-07-27T17:11:07,100.0
2015-07-27T17:33:40,86.0
2015-07-27T17:44:04,106.0
2015-07-27T18:05:11,33.0
2015-07-27T18:24:09,61.0
2015-07-27T18:30:57,30.0
2015-07-27T18:54:33,89.0
2015-07-27T19:05:24,35.0
2015-07-27T19:16:35,92.0
2015-07-27T19:41:06,101.0
2015-07-27T19:54:30,102.0
2015-07-27T20:55:15,88.0
2015-07-27T21:11:20,81.0
2015-07-27T21:23:47,92.0
2015-07-27T21:40:08,76.0
2015-07-27T21:53:57,75.0
2015-07-27T22:22:46,29.0
2015-07-27T23:02:30,89.0
2015-07-27T23:25:05,81.0
2015-07-27T23:41:25,37.0
2015-07-27T00:03:50,89.0
2015-07-27T00:37:37,73.0
2015-07-27T05:32:32,64.0
2015-07-27T05:57:25,68.0
2015-07-27T06:16:07,38.0
2015-07-27T06:27:58,32.0
2015-07-27T06:41:30,36.0
2015-07-27T06:56:15,74.0
2015-07-27T07:14:34,34.0
2015-07-27T07:26:17,112.0
2015-07-27T07:37:08,38.0
2015-07-27T07:54:52,84.0
2015-07-27T08:06:48,34.0
2015-07-27T08:17:12,72.0
2015-07-27T08:24:56,47.0
2015-07-27T08:36:53,33.0
2015-07-27T08:47:14,74.0
2015-07-27T08:57:54,47.0
2015-07-27T09:20:19,100.0
2015-07-27T09:25:18,44.0
2015-07-27T09:36:43,98.0
2015-07-27T10:08:45,60.0
2015-07-28T11:07:31,54.0
2015-07-28T11:16:26,74.0
2015-07-28T11:27:32,79.0
2015-07-28T11:50:18,68.0
2015-07-28T13:03:58,56.0
2015-07-28T13:17:38,77.0
2015-07-28T13:26:24,66.0
2015-07-28T13:33:50,64.0
2015-07-28T13:56:33,74.0
2015-07-28T15:15:36,91.0
2015-07-28T15:24:52,66.0
2015-07-28T15:36:50,89.0
2015-07-28T15:42:36,92.0
2015-07-28T16:02:01,72.0
2015-07-28T17:22:56,60.0
2015-07-28T17:36:32,84.0
2015-07-28T17:41:07,78.0
2015-07-28T17:54:48,64.0
2015-07-28T18:15:33,90.0
2015-07-28T19:32:03,97.0
2015-07-28T19:42:38,97.0
2015-07-28T19:55:52,88.0
2015-07-28T20:08:56,86.0
2015-07-28T21:41:23,61.0
2015-07-28T21:52:35,60.0
2015-07-28T22:08:56,68.0
2015-07-28T23:22:45,77.0
2015-07-28T23:41:28,42.0
2015-07-28T00:01:30,23.0
2015-07-28T00:42:30,82.0
2015-07-28T05:32:42,82.0
2015-07-28T07:03:58,35.0
2015-07-28T07:14:16,82.0
2015-07-28T07:26:14,76.0
2015-07-28T07:50:10,97.0
2015-07-28T09:05:31,37.0
2015-07-28T09:17:14,78.0
2015-07-28T09:26:14,45.0
2015-07-28T09:46:04,37.0
2015-07-29T10:25:08,105.0
2015-07-29T10:37:40,73.0
2015-07-29T10:55:23,44.0
2015-07-29T11:35:13,68.0
2015-07-29T12:25:10,62.0
2015-07-29T12:40:00,72.0
2015-07-29T12:47:46,88.0
2015-07-29T12:58:50,72.0
2015-07-29T13:47:44,62.0
2015-07-29T14:33:49,27.0
2015-07-29T14:43:59,94.0
2015-07-29T14:53:02,85.0
2015-07-29T15:06:38,96.0
2015-07-29T15:53:12,90.0
2015-07-29T16:47:07,90.0
2015-07-29T16:53:22,98.0
2015-07-29T17:03:32,79.0
2015-07-29T17:10:57,74.0
2015-07-29T18:02:28,85.0
2015-07-29T18:53:06,85.0
2015-07-29T19:03:41,75.0
2015-07-29T19:16:45,60.0
2015-07-29T20:55:25,161.0
2015-07-29T21:11:17,66.0
2015-07-29T21:23:51,70.0
2015-07-29T22:43:57,75.0
2015-07-29T23:02:36,91.0
2015-07-29T23:23:49,33.0
2015-07-29T05:55:20,49.0
2015-07-29T06:26:30,30.0
2015-07-29T06:42:45,40.0
2015-07-29T06:55:03,36.0
2015-07-29T07:35:11,77.0
2015-07-29T08:26:15,95.0
2015-07-29T08:39:40,82.0
2015-07-29T08:50:14,98.0
2015-07-29T08:56:38,35.0
2015-07-29T09:34:59,65.0
2015-07-30T10:25:06,74.0
2015-07-30T10:38:52,63.0
2015-07-30T10:55:07,102.0
2015-07-30T11:16:30,75.0
2015-07-30T12:00:09,64.0
2015-07-30T12:24:59,64.0
2015-07-30T12:57:46,33.0
2015-07-30T13:15:08,70.0
2015-07-30T14:02:41,77.0
2015-07-30T14:35:20,87.0
2015-07-30T14:42:35,82.0
2015-07-30T15:03:28,91.0
2015-07-30T15:27:36,89.0
2015-07-30T16:14:25,33.0
2015-07-30T16:41:18,106.0
2015-07-30T16:51:41,105.0
2015-07-30T17:11:11,89.0
2015-07-30T17:33:51,102.0
2015-07-30T18:17:04,79.0
2015-07-30T18:54:41,62.0
2015-07-30T19:17:09,96.0
2015-07-30T19:39:44,33.0
2015-07-30T20:26:25,72.0
2015-07-30T20:55:11,73.0
2015-07-30T21:27:40,73.0
2015-07-30T21:40:17,42.0
2015-07-30T22:22:39,36.0
2015-07-30T23:03:42,73.0
2015-07-30T00:23:54,87.0
2015-07-30T00:42:36,89.0
2015-07-30T06:26:09,86.0
2015-07-30T06:52:12,37.0
2015-07-30T07:16:04,37.0
2015-07-30T07:54:55,30.0
2015-07-30T08:24:44,111.0
2015-07-30T08:55:04,33.0
2015-07-30T09:14:22,88.0
2015-07-30T09:56:15,102.0
2015-07-31T10:16:29,71.0
2015-07-31T10:26:16,136.0
2015-07-31T11:15:10,59.0
2015-07-31T12:03:48,97.0
2015-07-31T12:20:07,65.0
2015-07-31T12:26:17,98.0
2015-07-31T13:16:27,60.0
2015-07-31T13:36:16,60.0
2015-07-31T14:12:46,76.0
2015-07-31T14:24:03,46.0
2015-07-31T14:38:02,92.0
2015-07-31T15:26:08,93.0
2015-07-31T15:39:50,33.0
2015-07-31T16:21:40,84.0
2015-07-31T16:32:19,91.0
2015-07-31T16:41:05,93.0
2015-07-31T17:36:38,96.0
2015-07-31T17:54:36,94.0
2015-07-31T18:30:33,36.0
2015-07-31T18:42:30,81.0
2015-07-31T18:53:11,101.0
2015-07-31T19:41:02,87.0
2015-07-31T20:37:43,67.0
2015-07-31T20:55:06,68.0
2015-07-31T21:40:05,90.0
2015-07-31T23:35:10,80.0
2015-07-31T00:42:35,89.0
2015-07-31T06:12:56,30.0
2015-07-31T06:26:11,97.0
2015-07-31T07:14:04,90.0
2015-07-31T08:05:12,101.0
2015-07-31T08:14:14,97.0
2015-07-31T08:24:54,31.0
2015-07-31T10:05:03,75.0
2015-07-01T01:38:59,23.0
2015-07-01T02:11:34,28.0
2015-07-01T02:41:12,71.0
2015-07-01T03:13:49,30.0
2015-07-01T03:37:54,15.0
2015-07-01T04:10:09,22.0
2015-07-01T04:38:55,74.0
2015-07-02T01:38:52,66.0
2015-07-02T02:11:16,66.0
2015-07-02T02:40:06,22.0
2015-07-02T03:12:31,79.0
2015-07-02T03:39:01,36.0
2015-07-02T04:11:34,38.0
2015-07-02T04:38:37,71.0
2015-07-03T02:17:51,56.0
2015-07-03T03:10:16,31.0
2015-07-03T04:06:36,43.0
2015-07-04T01:39:56,75.0
2015-07-04T02:38:28,129.0
2015-07-04T03:37:52,41.0
2015-07-04T04:38:51,84.0
2015-07-05T01:39:02,43.0
2015-07-05T02:16:17,88.0
2015-07-05T02:37:52,45.0
2015-07-05T03:12:22,61.0
2015-07-05T03:37:37,78.0
2015-07-05T04:10:07,78.0
2015-07-05T04:38:35,69.0
2015-07-07T01:37:26,82.0
2015-07-07T02:08:40,67.0
2015-07-07T02:38:59,28.0
2015-07-07T03:10:26,24.0
2015-07-07T03:39:03,68.0
2015-07-07T04:37:22,81.0
2015-07-08T01:40:00,89.0
2015-07-08T02:37:30,68.0
2015-07-08T03:38:15,72.0
2015-07-08T04:37:47,44.0
2015-07-10T01:38:41,100.0
2015-07-10T02:39:13,45.0
2015-07-10T03:38:40,101.0
2015-07-10T04:38:39,95.0
2015-07-11T01:41:43,125.0
2015-07-11T02:38:43,96.0
2015-07-11T03:37:48,43.0
2015-07-11T04:37:25,82.0
2015-07-12T02:12:50,42.0
2015-07-12T03:16:10,79.0
2015-07-12T04:10:22,43.0
2015-07-13T01:40:02,75.0
2015-07-13T02:11:07,64.0
2015-07-13T02:39:51,59.0
2015-07-13T03:10:04,60.0
2015-07-13T03:39:51,63.0
2015-07-13T04:13:39,63.0
2015-07-13T04:40:07,80.0
2015-07-14T02:08:45,43.0
2015-07-14T03:08:57,81.0
2015-07-14T04:09:59,69.0
2015-07-15T01:42:38,106.0
2015-07-15T02:38:43,77.0
2015-07-15T03:38:42,97.0
2015-07-15T04:41:10,77.0
2015-07-16T01:42:40,69.0
2015-07-16T02:48:10,34.0
2015-07-16T03:45:13,81.0
2015-07-16T04:45:06,75.0
2015-07-17T01:41:18,81.0
2015-07-17T02:12:31,88.0
2015-07-17T02:44:52,66.0
2015-07-17T03:12:33,74.0
2015-07-17T03:46:06,77.0
2015-07-17T04:07:31,69.0
2015-07-17T04:47:20,63.0
2015-07-19T01:38:56,60.0
2015-07-19T02:38:47,73.0
2015-07-19T03:37:54,108.0
2015-07-19T04:41:19,77.0
2015-07-20T02:08:48,66.0
2015-07-20T03:08:51,71.0
2015-07-20T04:07:44,17.0
2015-07-21T02:11:16,22.0
2015-07-21T03:07:30,22.0
2015-07-21T04:11:13,62.0
2015-07-22T01:37:24,75.0
2015-07-22T02:12:23,71.0
2015-07-22T02:51:07,82.0
2015-07-22T03:12:26,60.0
2015-07-22T03:37:33,59.0
2015-07-22T04:10:18,36.0
2015-07-22T04:37:33,30.0
2015-07-23T01:37:42,30.0
2015-07-23T02:37:43,30.0
2015-07-23T03:37:57,47.0
2015-07-23T04:38:45,69.0
2015-07-24T01:37:47,35.0
2015-07-24T02:17:47,10.0
2015-07-24T02:37:45,94.0
2015-07-24T03:08:13,54.0
2015-07-24T03:38:13,113.0
2015-07-24T04:10:22,81.0
2015-07-24T04:39:58,67.0
2015-07-25T01:40:07,30.0
2015-07-25T02:12:40,83.0
2015-07-25T02:39:00,39.0
2015-07-25T03:13:47,69.0
2015-07-25T03:37:38,72.0
2015-07-25T04:09:50,72.0
2015-07-25T04:38:52,60.0
2015-07-26T02:12:30,73.0
2015-07-26T03:15:08,21.0
2015-07-26T04:16:32,35.0
2015-07-27T01:40:13,30.0
2015-07-27T02:40:09,143.0
2015-07-27T03:43:55,70.0
2015-07-27T04:40:18,21.0
2015-07-28T02:10:51,58.0
2015-07-28T03:10:04,34.0
2015-07-28T04:09:56,49.0
2015-07-29T02:13:54,31.0
2015-07-29T03:12:23,66.0
2015-07-29T04:11:20,30.0
2015-07-30T01:41:14,81.0
2015-07-30T02:12:31,76.0
2015-07-30T02:41:17,60.0
2015-07-30T03:11:07,64.0
2015-07-30T03:41:59,70.0
2015-07-30T04:10:02,64.0
2015-07-30T04:41:24,78.0
2015-07-01T01:11:32,41.0
2015-07-02T01:17:38,71.0
2015-07-03T01:11:38,32.0
2015-07-05T01:13:55,73.0
2015-07-07T01:12:38,79.0
2015-07-12T01:11:36,43.0
2015-07-13T01:08:38,80.0
2015-07-14T01:09:53,60.0
2015-07-17T01:09:53,81.0
2015-07-20T01:12:25,63.0
2015-07-21T01:10:00,8.0
2015-07-22T01:13:38,73.0
2015-07-24T01:13:52,60.0
2015-07-25T01:13:56,33.0
2015-07-26T01:12:42,84.0
2015-07-28T01:12:36,71.0
2015-07-29T01:12:40,22.0
2015-07-30T01:13:36,67.0
2015-07-01T05:18:42,82.0
2015-07-02T05:16:13,79.0
2015-07-03T05:06:19,85.0
2015-07-05T05:08:42,60.0
2015-07-12T05:08:46,89.0
2015-07-13T05:12:22,81.0
2015-07-14T05:09:59,93.0
2015-07-17T05:13:43,76.0
2015-07-20T05:11:34,95.0
2015-07-21T05:07:39,25.0
2015-07-22T05:13:45,71.0
2015-07-24T05:13:08,36.0
2015-07-25T05:15:12,30.0
2015-07-26T05:12:23,60.0
2015-07-28T05:08:56,30.0
2015-07-29T05:12:23,73.0
2015-07-30T05:16:06,70.0
2015-08-01T10:42:43,56.0
2015-08-01T10:47:40,55.0
2015-08-01T12:37:44,1.0
2015-08-01T12:50:08,65.0
2015-08-01T14:35:07,67.0
2015-08-01T14:48:51,61.0
2015-08-01T16:35:05,65.0
2015-08-01T16:50:59,61.0
2015-08-01T18:35:07,65.0
2015-08-01T18:55:21,69.0
2015-08-01T20:22:30,70.0
2015-08-01T20:41:34,75.0
2015-08-01T22:05:14,39.0
2015-08-01T22:25:13,58.0
2015-08-01T23:22:41,55.0
2015-08-01T05:26:16,76.0
2015-08-01T05:42:47,30.0
2015-08-01T07:11:15,76.0
2015-08-01T07:21:23,65.0
2015-08-01T08:48:46,84.0
2015-08-01T09:02:43,32.0
2015-08-02T10:52:38,66.0
2015-08-02T11:06:27,20.0
2015-08-02T11:18:59,76.0
2015-08-02T11:35:06,83.0
2015-08-02T12:05:09,70.0
2015-08-02T13:08:57,62.0
2015-08-02T13:18:43,62.0
2015-08-02T13:37:37,60.0
2015-08-02T14:05:04,70.0
2015-08-02T15:20:10,69.0
2015-08-02T15:20:37,43.0
2015-08-02T15:35:08,58.0
2015-08-02T16:04:00,79.0
2015-08-02T16:50:09,44.0
2015-08-02T17:09:00,68.0
2015-08-02T17:20:00,49.0
2015-08-02T17:39:02,42.0
2015-08-02T18:04:53,68.0
2015-08-02T18:55:20,39.0
2015-08-02T19:10:15,69.0
2015-08-02T19:23:49,54.0
2015-08-02T19:53:52,69.0
2015-08-02T20:40:04,84.0
2015-08-02T20:53:54,83.0
2015-08-02T21:13:51,82.0
2015-08-02T21:57:32,92.0
2015-08-02T22:23:48,52.0
2015-08-02T22:43:44,87.0
2015-08-02T00:05:56,60.0
2015-08-02T05:42:30,67.0
2015-08-02T06:01:18,66.0
2015-08-02T07:25:20,42.0
2015-08-02T07:42:42,76.0
2015-08-02T09:16:27,30.0
2015-08-02T09:21:23,89.0
2015-08-02T09:35:10,91.0
2015-08-02T10:03:53,84.0
2015-08-03T10:15:20,83.0
2015-08-03T10:25:12,69.0
2015-08-03T11:06:21,59.0
2015-08-03T11:16:17,68.0
2015-08-03T11:26:14,80.0
2015-08-03T11:36:23,54.0
2015-08-03T11:47:38,66.0
2015-08-03T11:58:57,79.0
2015-08-03T12:12:32,65.0
2015-08-03T12:16:14,72.0
2015-08-03T12:27:40,58.0
2015-08-03T13:02:28,61.0
2015-08-03T13:22:38,73.0
2015-08-03T13:26:29,77.0
2015-08-03T13:45:03,65.0
2015-08-03T13:58:51,69.0
2015-08-03T14:02:40,56.0
2015-08-03T14:12:39,60.0
2015-08-03T14:25:07,88.0
2015-08-03T14:33:40,92.0
2015-08-03T15:12:21,67.0
2015-08-03T15:22:59,78.0
2015-08-03T15:33:35,95.0
2015-08-03T15:51:11,61.0
2015-08-03T16:05:14,93.0
2015-08-03T16:15:42,83.0
2015-08-03T16:21:30,90.0
2015-08-03T16:30:42,84.0
2015-08-03T16:44:13,76.0
2015-08-03T17:21:50,42.0
2015-08-03T17:33:45,100.0
2015-08-03T17:42:31,92.0
2015-08-03T18:03:35,83.0
2015-08-03T18:12:35,92.0
2015-08-03T18:21:39,96.0
2015-08-03T18:30:30,91.0
2015-08-03T18:39:37,79.0
2015-08-03T18:54:37,91.0
2015-08-03T19:33:30,99.0
2015-08-03T19:39:39,87.0
2015-08-03T19:51:48,43.0
2015-08-03T20:12:32,54.0
2015-08-03T20:25:08,88.0
2015-08-03T20:37:39,72.0
2015-08-03T20:55:07,67.0
2015-08-03T21:40:24,25.0
2015-08-03T21:51:15,72.0
2015-08-03T22:12:34,86.0
2015-08-03T22:22:38,68.0
2015-08-03T23:42:31,79.0
2015-08-03T00:21:06,66.0
2015-08-03T05:32:30,42.0
2015-08-03T05:53:37,92.0
2015-08-03T06:14:31,30.0
2015-08-03T06:29:17,74.0
2015-08-03T07:05:11,98.0
2015-08-03T07:14:10,73.0
2015-08-03T07:26:12,97.0
2015-08-03T07:35:13,79.0
2015-08-03T07:44:33,49.0
2015-08-03T07:55:02,30.0
2015-08-03T08:04:03,35.0
2015-08-03T08:17:20,94.0
2015-08-03T08:26:18,102.0
2015-08-03T09:06:40,96.0
2015-08-03T09:14:25,33.0
2015-08-03T09:29:01,91.0
2015-08-03T09:36:55,44.0
2015-08-03T09:45:48,37.0
2015-08-03T09:56:22,47.0
2015-08-03T10:08:55,74.0
2015-08-04T10:35:03,60.0
2015-08-04T11:38:57,77.0
2015-08-04T11:16:25,64.0
2015-08-04T11:26:15,54.0
2015-08-04T11:47:24,75.0
2015-08-04T12:36:34,53.0
2015-08-04T13:17:41,49.0
2015-08-04T13:31:21,60.0
2015-08-04T13:35:03,102.0
2015-08-04T13:58:55,61.0
2015-08-04T14:42:40,90.0
2015-08-04T15:15:32,96.0
2015-08-04T15:24:31,60.0
2015-08-04T15:32:07,100.0
2015-08-04T15:41:12,93.0
2015-08-04T16:02:29,26.0
2015-08-04T16:53:15,78.0
2015-08-04T17:24:35,83.0
2015-08-04T17:35:07,89.0
2015-08-04T17:41:13,89.0
2015-08-04T17:53:03,84.0
2015-08-04T18:13:56,92.0
2015-08-04T19:29:12,92.0
2015-08-04T19:41:05,105.0
2015-08-04T19:54:39,102.0
2015-08-04T20:10:04,66.0
2015-08-04T21:41:24,82.0
2015-08-04T21:53:54,88.0
2015-08-04T22:08:50,83.0
2015-08-04T23:43:58,92.0
2015-08-04T05:32:44,28.0
2015-08-04T06:44:19,100.0
2015-08-04T07:05:27,50.0
2015-08-04T07:15:48,102.0
2015-08-04T07:25:01,36.0
2015-08-04T07:48:34,82.0
2015-08-04T08:35:19,97.0
2015-08-04T09:09:58,55.0
2015-08-04T09:18:49,103.0
2015-08-04T09:26:10,80.0
2015-08-04T09:45:48,73.0
2015-08-05T10:13:59,92.0
2015-08-05T10:25:14,43.0
2015-08-05T10:40:08,71.0
2015-08-05T10:51:20,71.0
2015-08-05T11:37:40,61.0
2015-08-05T12:11:32,55.0
2015-08-05T12:15:03,52.0
2015-08-05T12:27:39,49.0
2015-08-05T12:33:57,72.0
2015-08-05T12:52:51,73.0
2015-08-05T13:44:04,68.0
2015-08-05T14:25:42,53.0
2015-08-05T14:35:05,62.0
2015-08-05T15:09:38,96.0
2015-08-05T15:38:10,104.0
2015-08-05T16:24:35,88.0
2015-08-05T16:55:44,79.0
2015-08-05T16:52:59,66.0
2015-08-05T17:42:48,105.0
2015-08-05T17:06:39,90.0
2015-08-05T18:38:03,75.0
2015-08-05T18:42:20,88.0
2015-08-05T18:53:18,38.0
2015-08-05T20:38:42,60.0
2015-08-05T20:53:51,71.0
2015-08-05T21:11:15,84.0
2015-08-05T22:42:40,64.0
2015-08-05T23:23:47,79.0
2015-08-05T05:53:48,57.0
2015-08-05T06:17:18,42.0
2015-08-05T06:26:48,30.0
2015-08-05T06:44:16,94.0
2015-08-05T07:35:15,76.0
2015-08-05T07:56:16,69.0
2015-08-05T08:03:48,41.0
2015-08-05T08:14:29,49.0
2015-08-05T08:28:00,30.0
2015-08-05T08:35:19,78.0
2015-08-05T08:50:15,102.0
2015-08-05T09:36:44,90.0
2015-08-05T10:52:26,60.0
2015-08-05T10:12:45,40.0
2015-08-06T10:25:18,64.0
2015-08-06T11:35:08,49.0
2015-08-06T11:39:05,84.0
2015-08-06T11:46:30,80.0
2015-08-06T12:08:51,105.0
2015-08-06T12:06:14,55.0
2015-08-06T12:25:15,69.0
2015-08-06T13:23:59,46.0
2015-08-06T13:45:15,60.0
2015-08-06T13:56:29,72.0
2015-08-06T14:08:51,75.0
2015-08-06T14:35:16,95.0
2015-08-06T15:36:08,61.0
2015-08-06T15:51:56,117.0
2015-08-06T16:03:42,97.0
2015-08-06T16:18:47,40.0
2015-08-06T16:21:36,86.0
2015-08-06T16:44:07,89.0
2015-08-06T17:44:25,103.0
2015-08-06T18:02:07,90.0
2015-08-06T18:14:14,68.0
2015-08-06T18:23:14,101.0
2015-08-06T18:31:49,90.0
2015-08-06T18:54:38,88.0
2015-08-06T19:53:02,88.0
2015-08-06T20:10:08,66.0
2015-08-06T20:27:39,67.0
2015-08-06T20:56:31,71.0
2015-08-06T21:52:37,78.0
2015-08-06T22:08:53,68.0
2015-08-06T22:22:35,69.0
2015-08-06T22:42:39,72.0
2015-08-06T23:27:29,87.0
2015-08-06T23:41:08,81.0
2015-08-06T00:20:12,36.0
2015-08-06T05:32:32,58.0
2015-08-06T05:55:22,43.0
2015-08-06T06:14:01,30.0
2015-08-06T06:27:47,78.0
2015-08-06T07:24:58,34.0
2015-08-06T07:36:51,82.0
2015-08-06T07:47:20,111.0
2015-08-06T07:56:16,89.0
2015-08-06T08:04:02,47.0
2015-08-06T08:25:07,38.0
2015-08-06T09:26:36,34.0
2015-08-06T09:36:54,109.0
2015-08-06T09:47:38,41.0
2015-08-06T09:59:13,83.0
2015-08-06T10:05:42,30.0
2015-08-07T10:41:21,63.0
2015-08-07T10:55:20,39.0
2015-08-07T11:19:04,81.0
2015-08-07T12:37:50,72.0
2015-08-07T12:56:32,68.0
2015-08-07T13:20:24,39.0
2015-08-07T13:35:13,78.0
2015-08-07T14:45:30,92.0
2015-08-07T15:07:54,65.0
2015-08-07T15:27:44,74.0
2015-08-07T15:49:33,60.0
2015-08-07T16:54:30,91.0
2015-08-07T17:11:12,87.0
2015-08-07T17:36:50,67.0
2015-08-07T17:53:03,89.0
2015-08-07T19:15:35,80.0
2015-08-07T19:42:39,97.0
2015-08-07T21:27:36,69.0
2015-08-07T21:44:04,94.0
2015-08-07T23:02:32,73.0
2015-08-07T23:33:45,60.0
2015-08-07T00:01:33,30.0
2015-08-07T00:26:26,81.0
2015-08-07T06:45:44,92.0
2015-08-07T06:54:50,103.0
2015-08-07T07:16:07,36.0
2015-08-07T08:37:06,38.0
2015-08-07T08:56:16,97.0
2015-08-07T09:20:34,42.0
2015-08-08T11:07:40,72.0
2015-08-08T11:18:58,79.0
2015-08-08T11:36:23,69.0
2015-08-08T13:07:41,70.0
2015-08-08T13:20:09,60.0
2015-08-08T13:36:28,66.0
2015-08-08T15:05:15,75.0
2015-08-08T15:22:43,64.0
2015-08-08T15:37:32,83.0
2015-08-08T17:05:14,70.0
2015-08-08T17:20:10,75.0
2015-08-08T17:37:37,63.0
2015-08-08T19:07:38,71.0
2015-08-08T19:22:39,60.0
2015-08-08T20:53:53,58.0
2015-08-08T21:07:44,74.0
2015-08-08T00:41:35,36.0
2015-08-08T05:59:56,60.0
2015-08-08T07:41:25,35.0
2015-08-08T09:17:31,71.0
2015-08-08T09:32:39,75.0
2015-08-09T10:56:26,77.0
2015-08-09T11:06:29,35.0
2015-08-09T11:20:16,83.0
2015-08-09T11:35:10,68.0
2015-08-09T12:05:10,58.0
2015-08-09T13:20:13,76.0
2015-08-09T13:07:36,59.0
2015-08-09T13:22:42,90.0
2015-08-09T13:38:53,87.0
2015-08-09T14:05:11,77.0
2015-08-09T14:51:19,39.0
2015-08-09T15:22:39,72.0
2015-08-09T15:37:42,63.0
2015-08-09T16:06:28,92.0
2015-08-09T16:50:05,67.0
2015-08-09T17:12:42,75.0
2015-08-09T17:17:32,90.0
2015-08-09T17:35:13,50.0
2015-08-09T18:05:15,79.0
2015-08-09T18:56:16,80.0
2015-08-09T19:12:36,83.0
2015-08-09T19:22:34,72.0
2015-08-09T19:53:48,82.0
2015-08-09T20:40:00,78.0
2015-08-09T21:45:01,83.0
2015-08-09T22:25:01,87.0
2015-08-09T23:25:10,28.0
2015-08-09T05:42:24,68.0
2015-08-09T06:00:32,36.0
2015-08-09T07:22:33,80.0
2015-08-09T07:42:47,38.0
2015-08-09T09:12:39,71.0
2015-08-09T09:18:50,30.0
2015-08-09T09:32:28,63.0
2015-08-09T10:05:09,81.0
2015-08-10T10:16:15,60.0
2015-08-10T10:47:44,71.0
2015-08-10T11:26:26,60.0
2015-08-10T12:15:25,74.0
2015-08-10T12:48:59,58.0
2015-08-10T13:26:30,59.0
2015-08-10T13:38:58,70.0
2015-08-10T14:22:42,61.0
2015-08-10T14:51:40,96.0
2015-08-10T15:33:41,84.0
2015-08-10T15:42:34,96.0
2015-08-10T16:30:37,89.0
2015-08-10T17:00:37,79.0
2015-08-10T17:41:24,83.0
2015-08-10T17:53:05,98.0
2015-08-10T18:41:12,89.0
2015-08-10T19:06:34,94.0
2015-08-10T19:53:22,26.0
2015-08-10T20:38:56,69.0
2015-08-10T21:07:51,60.0
2015-08-10T21:52:34,51.0
2015-08-10T22:43:48,88.0
2015-08-10T23:25:06,70.0
2015-08-10T23:43:43,78.0
2015-08-10T00:05:20,37.0
2015-08-10T05:32:26,72.0
2015-08-10T07:25:07,40.0
2015-08-10T08:16:02,35.0
2015-08-10T08:48:44,71.0
2015-08-10T09:25:16,60.0
2015-08-11T10:25:08,69.0
2015-08-11T11:06:21,68.0
2015-08-11T11:17:34,83.0
2015-08-11T11:26:25,60.0
2015-08-11T11:58:57,90.0
2015-08-11T13:07:34,110.0
2015-08-11T13:13:51,59.0
2015-08-11T13:28:42,69.0
2015-08-11T13:35:06,71.0
2015-08-11T14:02:31,72.0
2015-08-11T14:38:03,83.0
2015-08-11T15:17:07,85.0
2015-08-11T15:23:05,90.0
2015-08-11T15:32:09,96.0
2015-08-11T15:43:59,37.0
2015-08-11T16:18:33,101.0
2015-08-11T16:44:11,101.0
2015-08-11T17:23:04,74.0
2015-08-11T17:36:15,61.0
2015-08-11T17:44:04,87.0
2015-08-11T17:51:33,77.0
2015-08-11T18:31:59,83.0
2015-08-11T18:59:12,87.0
2015-08-11T19:29:04,96.0
2015-08-11T19:42:31,98.0
2015-08-11T19:53:19,32.0
2015-08-11T20:24:04,70.0
2015-08-11T20:55:12,65.0
2015-08-11T21:41:16,70.0
2015-08-11T21:51:27,36.0
2015-08-11T22:21:32,34.0
2015-08-11T23:26:17,64.0
2015-08-11T23:41:29,37.0
2015-08-11T00:22:34,69.0
2015-08-11T05:31:34,44.0
2015-08-11T06:26:09,35.0
2015-08-11T07:04:09,49.0
2015-08-11T07:15:49,82.0
2015-08-11T07:25:09,43.0
2015-08-11T07:55:11,109.0
2015-08-11T08:26:30,118.0
2015-08-11T09:05:16,70.0
2015-08-11T09:19:03,51.0
2015-08-11T09:26:13,71.0
2015-08-11T09:55:00,38.0
2015-08-12T10:27:36,139.0
2015-08-12T10:35:05,53.0
2015-08-12T10:50:17,62.0
2015-08-12T10:56:34,74.0
2015-08-12T11:07:36,87.0
2015-08-12T11:36:29,68.0
2015-08-12T12:26:26,90.0
2015-08-12T12:38:44,79.0
2015-08-12T13:07:11,90.0
2015-08-12T13:02:47,60.0
2015-08-12T13:07:36,82.0
2015-08-12T13:43:59,72.0
2015-08-12T14:02:42,70.0
2015-08-12T14:33:48,77.0
2015-08-12T14:42:40,76.0
2015-08-12T15:04:31,11.0
2015-08-12T15:19:57,66.0
2015-08-12T15:53:12,84.0
2015-08-12T16:41:10,89.0
2015-08-12T16:44:12,105.0
2015-08-12T16:51:41,63.0
2015-08-12T17:11:17,89.0
2015-08-12T17:24:45,95.0
2015-08-12T18:02:08,86.0
2015-08-12T18:23:07,98.0
2015-08-12T18:54:38,92.0
2015-08-12T19:15:32,86.0
2015-08-12T19:29:24,44.0
2015-08-12T20:23:52,69.0
2015-08-12T20:56:19,66.0
2015-08-12T21:27:38,87.0
2015-08-12T22:22:36,58.0
2015-08-12T22:42:42,72.0
2015-08-12T23:02:33,68.0
2015-08-12T23:23:51,71.0
2015-08-12T00:01:23,57.0
2015-08-12T05:54:58,80.0
2015-08-12T06:27:46,104.0
2015-08-12T06:45:43,86.0
2015-08-12T06:55:03,37.0
2015-08-12T07:05:19,104.0
2015-08-12T07:35:40,46.0
2015-08-12T07:54:47,75.0
2015-08-12T08:26:16,102.0
2015-08-12T08:35:26,41.0
2015-08-12T08:47:20,66.0
2015-08-12T08:54:59,43.0
2015-08-12T09:14:21,79.0
2015-08-12T09:39:46,99.0
2015-08-12T10:02:12,90.0
2015-08-13T10:18:00,78.0
2015-08-13T10:26:22,69.0
2015-08-13T10:56:34,80.0
2015-08-13T11:22:31,81.0
2015-08-13T11:47:40,68.0
2015-08-13T12:07:39,145.0
2015-08-13T12:16:33,79.0
2015-08-13T12:26:16,81.0
2015-08-13T12:57:43,81.0
2015-08-13T13:16:17,59.0
2015-08-13T13:56:28,52.0
2015-08-13T14:16:19,82.0
2015-08-13T14:25:06,55.0
2015-08-13T14:33:39,90.0
2015-08-13T15:03:37,74.0
2015-08-13T15:26:14,93.0
2015-08-13T16:03:43,86.0
2015-08-13T16:23:05,90.0
2015-08-13T16:35:14,92.0
2015-08-13T16:42:44,93.0
2015-08-13T17:11:21,102.0
2015-08-13T17:35:02,95.0
2015-08-13T18:12:40,96.0
2015-08-13T18:30:42,78.0
2015-08-13T18:42:36,87.0
2015-08-13T18:54:32,93.0
2015-08-13T19:14:29,51.0
2015-08-13T19:45:32,62.0
2015-08-13T20:11:29,87.0
2015-08-13T20:37:42,38.0
2015-08-13T20:55:05,82.0
2015-08-13T21:27:37,69.0
2015-08-13T21:40:01,65.0
2015-08-13T22:08:52,84.0
2015-08-13T22:46:36,32.0
2015-08-13T23:03:52,68.0
2015-08-13T23:22:39,22.0
2015-08-13T00:01:25,76.0
2015-08-13T00:23:50,67.0
2015-08-13T00:40:06,70.0
2015-08-13T06:12:44,92.0
2015-08-13T06:27:59,37.0
2015-08-13T06:54:51,38.0
2015-08-13T07:13:08,23.0
2015-08-13T07:47:20,30.0
2015-08-13T08:05:17,76.0
2015-08-13T08:17:23,106.0
2015-08-13T08:26:12,73.0
2015-08-13T08:56:17,98.0
2015-08-13T09:17:16,77.0
2015-08-13T09:48:59,107.0
2015-08-13T10:07:28,60.0
2015-08-14T10:35:02,95.0
2015-08-14T10:57:37,59.0
2015-08-14T11:47:40,90.0
2015-08-14T11:57:36,95.0
2015-08-14T12:36:13,64.0
2015-08-14T12:56:19,70.0
2015-08-14T13:38:48,68.0
2015-08-14T13:54:55,61.0
2015-08-14T14:03:56,71.0
2015-08-14T14:44:02,84.0
2015-08-14T15:03:39,43.0
2015-08-14T15:41:00,81.0
2015-08-14T16:06:34,89.0
2015-08-14T16:15:49,93.0
2015-08-14T16:54:42,95.0
2015-08-14T17:11:03,85.0
2015-08-14T17:51:52,36.0
2015-08-14T18:12:35,103.0
2015-08-14T18:21:38,100.0
2015-08-14T19:17:00,105.0
2015-08-14T20:08:49,68.0
2015-08-14T20:26:26,96.0
2015-08-14T21:27:31,82.0
2015-08-14T22:08:48,49.0
2015-08-14T22:23:52,71.0
2015-08-14T22:43:57,65.0
2015-08-14T23:03:45,62.0
2015-08-14T00:22:40,66.0
2015-08-14T00:42:33,82.0
2015-08-14T06:44:15,47.0
2015-08-14T06:52:09,30.0
2015-08-14T07:48:43,89.0
2015-08-14T07:56:18,106.0
2015-08-14T08:35:09,82.0
2015-08-14T08:56:38,48.0
2015-08-14T09:46:04,25.0
2015-08-14T09:58:01,44.0
2015-08-15T10:18:50,61.0
2015-08-15T10:38:47,65.0
2015-08-15T10:53:52,82.0
2015-08-15T11:05:21,87.0
2015-08-15T11:23:47,89.0
2015-08-15T12:21:26,38.0
2015-08-15T12:40:01,64.0
2015-08-15T12:51:26,68.0
2015-08-15T13:07:44,74.0
2015-08-15T13:21:21,64.0
2015-08-15T14:17:44,75.0
2015-08-15T14:38:20,60.0
2015-08-15T14:50:18,91.0
2015-08-15T15:16:26,41.0
2015-08-15T15:20:00,65.0
2015-08-15T16:21:26,83.0
2015-08-15T16:36:22,81.0
2015-08-15T16:47:39,36.0
2015-08-15T17:21:14,79.0
2015-08-15T18:25:15,67.0
2015-08-15T18:35:01,68.0
2015-08-15T18:53:55,69.0
2015-08-15T19:07:38,73.0
2015-08-15T19:23:45,70.0
2015-08-15T20:20:17,70.0
2015-08-15T20:23:46,94.0
2015-08-15T20:38:54,78.0
2015-08-15T20:52:37,47.0
2015-08-15T21:10:00,69.0
2015-08-15T22:00:10,99.0
2015-08-15T22:07:22,54.0
2015-08-15T22:23:34,44.0
2015-08-15T23:50:22,25.0
2015-08-15T23:57:55,41.0
2015-08-15T00:21:35,35.0
2015-08-15T00:43:37,73.0
2015-08-15T05:25:00,70.0
2015-08-15T06:42:09,86.0
2015-08-15T07:02:22,69.0
2015-08-15T08:22:39,22.0
2015-08-15T08:50:00,75.0
2015-08-15T09:15:07,79.0
2015-08-16T10:20:02,80.0
2015-08-16T10:57:27,60.0
2015-08-16T11:20:05,87.0
2015-08-16T11:52:04,2.0
2015-08-16T12:20:14,60.0
2015-08-16T12:52:37,70.0
2015-08-16T13:18:54,83.0
2015-08-16T13:52:48,37.0
2015-08-16T14:17:46,75.0
2015-08-16T15:22:37,75.0
2015-08-16T15:52:39,70.0
2015-08-16T16:19:06,92.0
2015-08-16T17:19:03,29.0
2015-08-16T17:48:26,31.0
2015-08-16T18:21:32,70.0
2015-08-16T19:23:20,60.0
2015-08-16T19:48:58,74.0
2015-08-16T20:10:23,42.0
2015-08-16T21:40:18,26.0
2015-08-16T21:56:30,90.0
2015-08-16T22:42:53,37.0
2015-08-16T23:17:33,81.0
2015-08-16T23:21:22,89.0
2015-08-16T23:46:21,88.0
2015-08-16T00:21:27,20.0
2015-08-16T05:42:46,43.0
2015-08-16T06:43:46,96.0
2015-08-16T07:22:53,29.0
2015-08-16T08:25:00,73.0
2015-08-16T09:07:39,74.0
2015-08-16T09:17:35,53.0
2015-08-17T10:20:04,71.0
2015-08-17T10:40:01,63.0
2015-08-17T10:46:21,60.0
2015-08-17T10:57:28,57.0
2015-08-17T12:17:38,60.0
2015-08-17T12:41:34,59.0
2015-08-17T12:49:06,90.0
2015-08-17T12:56:25,91.0
2015-08-17T13:37:36,63.0
2015-08-17T14:25:06,64.0
2015-08-17T14:51:45,94.0
2015-08-17T14:53:13,37.0
2015-08-17T15:03:54,33.0
2015-08-17T16:30:29,88.0
2015-08-17T17:17:11,35.0
2015-08-17T17:14:21,1.0
2015-08-17T18:39:45,95.0
2015-08-17T19:05:03,100.0
2015-08-17T19:15:42,91.0
2015-08-17T20:39:12,33.0
2015-08-17T21:08:53,70.0
2015-08-17T21:26:21,81.0
2015-08-17T22:43:46,89.0
2015-08-17T23:02:30,68.0
2015-08-17T23:21:26,32.0
2015-08-17T00:23:55,68.0
2015-08-17T00:45:02,72.0
2015-08-17T06:45:54,36.0
2015-08-17T06:55:07,60.0
2015-08-17T08:17:10,93.0
2015-08-17T08:38:14,85.0
2015-08-17T08:47:38,44.0
2015-08-17T08:54:44,73.0
2015-08-18T10:47:53,45.0
2015-08-18T11:21:25,88.0
2015-08-18T12:02:47,36.0
2015-08-18T12:50:15,75.0
2015-08-18T13:17:34,87.0
2015-08-18T13:35:02,71.0
2015-08-18T14:13:45,138.0
2015-08-18T14:56:16,25.0
2015-08-18T15:24:34,88.0
2015-08-18T15:42:42,33.0
2015-08-18T16:20:23,31.0
2015-08-18T17:03:29,81.0
2015-08-18T17:33:42,87.0
2015-08-18T17:50:00,93.0
2015-08-18T18:30:32,89.0
2015-08-18T19:14:04,94.0
2015-08-18T19:42:27,91.0
2015-08-18T21:10:06,73.0
2015-08-18T21:41:22,85.0
2015-08-18T23:26:05,58.0
2015-08-18T00:21:12,62.0
2015-08-18T00:41:37,46.0
2015-08-18T06:15:42,73.0
2015-08-18T07:15:52,91.0
2015-08-18T08:06:46,81.0
2015-08-18T08:46:13,37.0
2015-08-18T09:16:02,47.0
2015-08-18T10:08:47,80.0
2015-08-19T10:15:13,81.0
2015-08-19T11:38:53,70.0
2015-08-19T11:46:32,80.0
2015-08-19T12:20:16,230.0
2015-08-19T13:45:07,74.0
2015-08-19T13:55:10,80.0
2015-08-19T14:22:44,71.0
2015-08-19T15:51:34,96.0
2015-08-19T16:02:10,103.0
2015-08-19T16:32:08,91.0
2015-08-19T18:02:03,98.0
2015-08-19T18:12:39,94.0
2015-08-19T18:39:43,101.0
2015-08-19T20:11:23,70.0
2015-08-19T20:37:39,63.0
2015-08-19T22:10:05,85.0
2015-08-19T22:43:50,67.0
2015-08-19T23:22:41,35.0
2015-08-19T05:53:59,34.0
2015-08-19T07:38:17,85.0
2015-08-19T07:46:04,40.0
2015-08-19T08:17:22,84.0
2015-08-19T09:39:47,61.0
2015-08-19T09:47:16,85.0
2015-08-20T10:16:33,43.0
2015-08-20T11:16:24,93.0
2015-08-20T11:46:18,67.0
2015-08-20T12:16:28,68.0
2015-08-20T13:15:10,74.0
2015-08-20T13:55:13,63.0
2015-08-20T14:23:56,67.0
2015-08-20T15:27:44,86.0
2015-08-20T16:02:19,33.0
2015-08-20T16:32:05,96.0
2015-08-20T17:38:17,97.0
2015-08-20T18:12:32,95.0
2015-08-20T18:42:52,30.0
2015-08-20T19:44:11,86.0
2015-08-20T20:10:04,82.0
2015-08-20T20:40:04,76.0
2015-08-20T21:41:22,65.0
2015-08-20T22:07:49,43.0
2015-08-20T22:41:18,89.0
2015-08-20T23:22:28,66.0
2015-08-20T00:22:40,103.0
2015-08-20T07:14:42,28.0
2015-08-20T07:50:09,74.0
2015-08-20T08:17:24,86.0
2015-08-20T09:20:20,91.0
2015-08-20T09:50:09,86.0
2015-08-21T10:17:38,68.0
2015-08-21T10:47:38,69.0
2015-08-21T11:09:54,62.0
2015-08-21T11:27:35,66.0
2015-08-21T11:36:15,76.0
2015-08-21T11:45:07,75.0
2015-08-21T12:06:23,75.0
2015-08-21T12:18:57,104.0
2015-08-21T12:47:37,81.0
2015-08-21T13:05:05,91.0
2015-08-21T13:25:08,78.0
2015-08-21T13:43:54,49.0
2015-08-21T13:53:56,61.0
2015-08-21T14:12:50,70.0
2015-08-21T14:23:52,40.0
2015-08-21T14:54:42,1.0
2015-08-21T15:51:35,99.0
2015-08-21T15:33:38,89.0
2015-08-21T15:57:41,103.0
2015-08-21T16:06:26,87.0
2015-08-21T16:21:32,80.0
2015-08-21T16:33:08,60.0
2015-08-21T17:02:06,88.0
2015-08-21T17:25:32,60.0
2015-08-21T17:45:40,93.0
2015-08-21T18:03:06,60.0
2015-08-21T18:12:35,94.0
2015-08-21T18:30:32,81.0
2015-08-21T18:42:27,86.0
2015-08-21T19:03:51,31.0
2015-08-21T19:33:37,84.0
2015-08-21T19:53:08,97.0
2015-08-21T20:11:16,76.0
2015-08-21T20:37:31,71.0
2015-08-21T21:10:05,72.0
2015-08-21T21:51:20,85.0
2015-08-21T22:07:32,67.0
2015-08-21T22:42:39,57.0
2015-08-21T23:22:42,15.0
2015-08-21T23:42:35,84.0
2015-08-21T00:23:59,35.0
2015-08-21T05:33:44,74.0
2015-08-21T05:52:46,48.0
2015-08-21T06:14:17,89.0
2015-08-21T07:02:32,33.0
2015-08-21T07:26:08,86.0
2015-08-21T07:35:11,89.0
2015-08-21T07:48:42,83.0
2015-08-21T08:07:10,43.0
2015-08-21T08:17:16,91.0
2015-08-21T08:50:22,89.0
2015-08-21T09:05:22,94.0
2015-08-21T09:27:39,34.0
2015-08-21T09:36:41,84.0
2015-08-21T09:47:13,83.0
2015-08-21T10:08:55,65.0
2015-08-22T10:17:43,62.0
2015-08-22T10:53:50,81.0
2015-08-22T12:03:53,80.0
2015-08-22T12:18:58,78.0
2015-08-22T12:50:17,23.0
2015-08-22T14:17:46,43.0
2015-08-22T14:50:06,69.0
2015-08-22T16:08:54,96.0
2015-08-22T16:20:13,68.0
2015-08-22T16:50:12,82.0
2015-08-22T18:11:12,68.0
2015-08-22T18:23:55,66.0
2015-08-22T18:51:19,67.0
2015-08-22T20:08:50,54.0
2015-08-22T20:11:24,66.0
2015-08-22T20:37:37,36.0
2015-08-22T21:38:47,78.0
2015-08-22T21:54:07,33.0
2015-08-22T22:22:48,33.0
2015-08-22T23:42:41,90.0
2015-08-22T00:19:06,36.0
2015-08-22T05:41:08,75.0
2015-08-22T06:41:23,102.0
2015-08-22T07:21:24,30.0
2015-08-22T08:21:21,76.0
2015-08-22T09:03:47,74.0
2015-08-22T10:06:23,73.0
2015-08-23T10:51:23,78.0
2015-08-23T11:08:55,109.0
2015-08-23T11:20:05,94.0
2015-08-23T11:36:18,71.0
2015-08-23T11:50:07,82.0
2015-08-23T12:51:26,90.0
2015-08-23T13:08:53,62.0
2015-08-23T13:16:33,43.0
2015-08-23T13:35:05,65.0
2015-08-23T13:47:47,86.0
2015-08-23T14:50:17,95.0
2015-08-23T15:05:07,61.0
2015-08-23T15:20:09,68.0
2015-08-23T15:38:58,74.0
2015-08-23T15:55:19,86.0
2015-08-23T16:50:13,84.0
2015-08-23T17:06:26,67.0
2015-08-23T17:20:10,76.0
2015-08-23T17:35:11,73.0
2015-08-23T17:49:00,71.0
2015-08-23T18:58:57,80.0
2015-08-23T19:11:36,84.0
2015-08-23T19:22:30,82.0
2015-08-23T20:41:23,71.0
2015-08-23T20:53:42,63.0
2015-08-23T21:31:14,76.0
2015-08-23T21:35:13,22.0
2015-08-23T22:24:01,35.0
2015-08-23T05:43:37,84.0
2015-08-23T06:00:13,34.0
2015-08-23T06:21:20,60.0
2015-08-23T07:22:43,34.0
2015-08-23T07:42:21,68.0
2015-08-23T08:02:35,78.0
2015-08-23T09:03:59,36.0
2015-08-23T09:17:34,77.0
2015-08-23T09:32:30,56.0
2015-08-23T09:50:20,37.0
2015-08-24T10:13:51,57.0
2015-08-24T10:26:23,70.0
2015-08-24T10:53:54,72.0
2015-08-24T11:05:09,65.0
2015-08-24T11:24:04,52.0
2015-08-24T11:46:11,65.0
2015-08-24T12:17:33,61.0
2015-08-24T12:23:55,53.0
2015-08-24T12:55:25,90.0
2015-08-24T13:05:06,58.0
2015-08-24T13:25:13,71.0
2015-08-24T13:36:26,67.0
2015-08-24T13:55:05,75.0
2015-08-24T14:23:51,78.0
2015-08-24T14:35:14,101.0
2015-08-24T15:03:34,93.0
2015-08-24T15:12:38,90.0
2015-08-24T15:38:03,76.0
2015-08-24T15:39:46,93.0
2015-08-24T16:06:38,82.0
2015-08-24T16:32:01,91.0
2015-08-24T16:42:37,81.0
2015-08-24T17:14:09,82.0
2015-08-24T17:21:48,103.0
2015-08-24T17:38:02,68.0
2015-08-24T17:44:02,117.0
2015-08-24T17:50:20,90.0
2015-08-24T18:14:09,90.0
2015-08-24T18:41:01,101.0
2015-08-24T18:56:05,96.0
2015-08-24T19:18:22,93.0
2015-08-24T19:29:07,127.0
2015-08-24T19:41:00,101.0
2015-08-24T19:53:12,38.0
2015-08-24T20:16:26,67.0
2015-08-24T20:40:12,76.0
2015-08-24T20:53:47,68.0
2015-08-24T21:40:02,90.0
2015-08-24T21:55:15,84.0
2015-08-24T22:07:35,88.0
2015-08-24T22:45:08,58.0
2015-08-24T23:42:23,67.0
2015-08-24T00:02:53,35.0
2015-08-24T00:40:02,30.0
2015-08-24T05:31:19,71.0
2015-08-24T06:29:16,83.0
2015-08-24T06:54:46,88.0
2015-08-24T07:03:54,91.0
2015-08-24T07:26:15,86.0
2015-08-24T07:46:07,36.0
2015-08-24T08:20:13,100.0
2015-08-24T08:26:31,94.0
2015-08-24T08:56:20,100.0
2015-08-24T09:08:17,101.0
2015-08-24T09:25:04,35.0
2015-08-24T09:44:58,41.0
2015-08-25T10:18:55,75.0
2015-08-25T10:26:19,86.0
2015-08-25T10:38:58,69.0
2015-08-25T10:50:07,65.0
2015-08-25T10:56:25,60.0
2015-08-25T11:36:28,68.0
2015-08-25T12:07:36,57.0
2015-08-25T12:15:18,98.0
2015-08-25T12:25:05,60.0
2015-08-25T12:42:51,60.0
2015-08-25T12:46:11,91.0
2015-08-25T12:55:16,78.0
2015-08-25T13:43:58,68.0
2015-08-25T14:31:53,92.0
2015-08-25T14:33:05,54.0
2015-08-25T14:35:58,53.0
2015-08-25T14:47:11,95.0
2015-08-25T14:56:03,81.0
2015-08-25T15:06:35,93.0
2015-08-25T15:57:38,90.0
2015-08-25T16:33:33,85.0
2015-08-25T16:50:06,66.0
2015-08-25T16:53:09,108.0
2015-08-25T17:03:36,77.0
2015-08-25T17:12:38,72.0
2015-08-25T18:03:34,86.0
2015-08-25T18:36:36,81.0
2015-08-25T18:42:16,60.0
2015-08-25T19:08:04,97.0
2015-08-25T19:11:10,92.0
2015-08-25T19:17:10,97.0
2015-08-25T20:38:34,84.0
2015-08-25T20:55:09,81.0
2015-08-25T21:08:45,67.0
2015-08-25T21:25:08,70.0
2015-08-25T22:42:32,85.0
2015-08-25T23:02:36,81.0
2015-08-25T23:25:18,30.0
2015-08-25T00:17:33,72.0
2015-08-25T05:53:40,61.0
2015-08-25T06:12:39,30.0
2015-08-25T06:27:57,35.0
2015-08-25T06:53:21,93.0
2015-08-25T07:35:16,93.0
2015-08-25T08:07:00,33.0
2015-08-25T08:17:17,83.0
2015-08-25T08:26:09,80.0
2015-08-25T08:41:23,90.0
2015-08-25T08:46:03,51.0
2015-08-25T09:00:53,76.0
2015-08-25T09:33:53,41.0
2015-08-25T10:06:24,80.0
2015-08-26T11:18:58,82.0
2015-08-26T11:37:40,73.0
2015-08-26T11:47:36,66.0
2015-08-26T11:56:06,72.0
2015-08-26T13:18:57,62.0
2015-08-26T13:35:08,80.0
2015-08-26T13:45:12,56.0
2015-08-26T13:55:10,105.0
2015-08-26T14:03:50,63.0
2015-08-26T15:26:11,92.0
2015-08-26T15:41:22,81.0
2015-08-26T15:51:45,35.0
2015-08-26T16:03:45,87.0
2015-08-26T16:18:37,84.0
2015-08-26T17:36:40,92.0
2015-08-26T17:52:21,44.0
2015-08-26T18:03:36,77.0
2015-08-26T18:12:43,72.0
2015-08-26T18:26:11,80.0
2015-08-26T19:44:01,91.0
2015-08-26T20:10:08,62.0
2015-08-26T20:26:12,86.0
2015-08-26T21:41:30,66.0
2015-08-26T22:08:53,60.0
2015-08-26T22:22:48,30.0
2015-08-26T22:42:38,81.0
2015-08-26T00:23:50,30.0
2015-08-26T00:41:21,69.0
2015-08-26T05:56:09,76.0
2015-08-26T07:15:50,98.0
2015-08-26T07:36:42,99.0
2015-08-26T07:47:32,30.0
2015-08-26T07:56:14,77.0
2015-08-26T09:26:20,36.0
2015-08-26T09:35:26,88.0
2015-08-26T09:46:00,34.0
2015-08-26T10:02:05,78.0
2015-08-27T10:17:34,70.0
2015-08-27T10:43:50,50.0
2015-08-27T11:03:52,76.0
2015-08-27T12:45:14,72.0
2015-08-27T11:57:39,53.0
2015-08-27T12:17:35,64.0
2015-08-27T12:40:12,81.0
2015-08-27T13:04:00,76.0
2015-08-27T13:53:56,71.0
2015-08-27T14:25:05,74.0
2015-08-27T14:45:23,73.0
2015-08-27T15:13:57,91.0
2015-08-27T16:03:36,78.0
2015-08-27T16:17:06,77.0
2015-08-27T16:32:13,25.0
2015-08-27T16:53:12,77.0
2015-08-27T17:21:46,92.0
2015-08-27T18:14:06,93.0
2015-08-27T18:21:35,89.0
2015-08-27T18:41:21,34.0
2015-08-27T19:40:56,89.0
2015-08-27T20:27:45,70.0
2015-08-27T20:38:46,66.0
2015-08-27T22:08:45,85.0
2015-08-27T22:26:27,39.0
2015-08-27T00:04:13,64.0
2015-08-27T00:23:49,76.0
2015-08-27T06:45:49,73.0
2015-08-27T07:03:43,91.0
2015-08-27T07:48:41,83.0
2015-08-27T07:56:16,81.0
2015-08-27T08:17:15,86.0
2015-08-27T08:38:16,98.0
2015-08-27T09:09:58,95.0
2015-08-27T09:47:09,84.0
2015-08-27T09:59:18,84.0
2015-08-28T10:50:05,79.0
2015-08-28T10:56:34,89.0
2015-08-28T11:16:11,60.0
2015-08-28T11:28:46,83.0
2015-08-28T11:46:24,94.0
2015-08-28T12:01:16,81.0
2015-08-28T12:06:22,81.0
2015-08-28T12:55:06,70.0
2015-08-28T12:56:33,75.0
2015-08-28T13:15:01,66.0
2015-08-28T13:26:16,58.0
2015-08-28T13:56:17,58.0
2015-08-28T14:07:32,84.0
2015-08-28T14:12:47,66.0
2015-08-28T14:54:07,63.0
2015-08-28T15:09:33,87.0
2015-08-28T15:29:00,90.0
2015-08-28T15:32:27,37.0
2015-08-28T16:04:54,61.0
2015-08-28T16:17:29,54.0
2015-08-28T16:21:42,78.0
2015-08-28T17:05:15,83.0
2015-08-28T17:12:40,91.0
2015-08-28T17:39:37,84.0
2015-08-28T17:44:01,92.0
2015-08-28T18:14:11,90.0
2015-08-28T18:29:21,46.0
2015-08-28T18:30:48,88.0
2015-08-28T19:06:39,86.0
2015-08-28T19:15:36,98.0
2015-08-28T19:50:02,82.0
2015-08-28T19:51:53,47.0
2015-08-28T20:12:43,82.0
2015-08-28T20:28:50,84.0
2015-08-28T21:10:07,83.0
2015-08-28T21:27:45,79.0
2015-08-28T21:41:16,73.0
2015-08-28T21:52:37,78.0
2015-08-28T22:10:12,78.0
2015-08-28T22:26:24,56.0
2015-08-28T22:42:27,65.0
2015-08-28T23:06:36,19.0
2015-08-28T23:24:50,60.0
2015-08-28T23:41:14,82.0
2015-08-28T00:07:29,72.0
2015-08-28T05:32:31,87.0
2015-08-28T06:13:00,49.0
2015-08-28T06:56:06,92.0
2015-08-28T07:17:06,75.0
2015-08-28T07:26:14,84.0
2015-08-28T07:50:09,80.0
2015-08-28T07:58:12,45.0
2015-08-28T08:06:49,37.0
2015-08-28T08:56:22,45.0
2015-08-28T09:23:12,100.0
2015-08-28T09:26:13,93.0
2015-08-28T09:47:07,83.0
2015-08-28T09:59:05,77.0
2015-08-28T10:07:38,57.0
2015-08-29T11:11:15,89.0
2015-08-29T11:52:43,60.0
2015-08-29T13:03:47,62.0
2015-08-29T13:55:10,60.0
2015-08-29T15:03:56,67.0
2015-08-29T15:59:02,75.0
2015-08-29T17:05:01,80.0
2015-08-29T17:48:50,66.0
2015-08-29T19:08:46,75.0
2015-08-29T19:43:53,70.0
2015-08-29T20:52:34,69.0
2015-08-29T21:24:30,50.0
2015-08-29T23:12:36,87.0
2015-08-29T23:21:35,37.0
2015-08-29T00:16:18,88.0
2015-08-29T00:21:21,74.0
2015-08-29T00:41:27,35.0
2015-08-29T06:23:43,68.0
2015-08-29T08:02:36,69.0
2015-08-29T09:51:23,72.0
2015-08-30T10:18:41,78.0
2015-08-30T10:56:31,73.0
2015-08-30T11:06:22,79.0
2015-08-30T11:35:21,79.0
2015-08-30T12:19:01,92.0
2015-08-30T12:54:00,63.0
2015-08-30T13:07:35,65.0
2015-08-30T13:41:24,43.0
2015-08-30T14:18:55,67.0
2015-08-30T14:50:16,64.0
2015-08-30T15:05:10,70.0
2015-08-30T15:34:59,60.0
2015-08-30T16:18:43,62.0
2015-08-30T16:48:59,64.0
2015-08-30T17:07:44,69.0
2015-08-30T17:35:11,60.0
2015-08-30T18:21:17,58.0
2015-08-30T18:53:56,76.0
2015-08-30T19:08:45,72.0
2015-08-30T20:10:08,74.0
2015-08-30T20:40:06,72.0
2015-08-30T20:52:34,71.0
2015-08-30T21:55:02,99.0
2015-08-30T22:23:42,77.0
2015-08-30T23:21:39,35.0
2015-08-30T23:43:46,78.0
2015-08-30T00:46:14,81.0
2015-08-30T05:41:25,34.0
2015-08-30T06:02:53,17.0
2015-08-30T06:42:24,71.0
2015-08-30T07:21:20,47.0
2015-08-30T07:41:21,83.0
2015-08-30T08:26:18,87.0
2015-08-30T09:02:28,68.0
2015-08-30T09:33:55,72.0
2015-08-01T02:14:00,77.0
2015-08-01T03:06:29,83.0
2015-08-01T04:07:28,65.0
2015-08-02T02:10:22,43.0
2015-08-02T03:11:11,64.0
2015-08-02T04:11:22,33.0
2015-08-03T01:43:34,75.0
2015-08-03T02:45:05,30.0
2015-08-03T03:36:30,30.0
2015-08-03T04:41:14,74.0
2015-08-06T01:37:35,30.0
2015-08-06T02:10:00,82.0
2015-08-06T02:37:46,40.0
2015-08-06T03:08:39,71.0
2015-08-06T03:39:54,63.0
2015-08-06T04:11:22,35.0
2015-08-06T04:39:52,79.0
2015-08-07T01:37:42,34.0
2015-08-07T02:06:06,68.0
2015-08-07T02:37:29,86.0
2015-08-07T03:07:33,75.0
2015-08-07T03:38:50,68.0
2015-08-07T04:08:47,30.0
2015-08-07T04:40:06,75.0
2015-08-08T02:25:18,20.0
2015-08-08T03:28:51,56.0
2015-08-08T04:11:10,63.0
2015-08-10T02:08:53,28.0
2015-08-10T03:08:42,52.0
2015-08-10T04:10:08,22.0
2015-08-11T01:41:19,88.0
2015-08-11T02:11:22,85.0
2015-08-11T02:42:25,62.0
2015-08-11T03:10:21,26.0
2015-08-11T03:43:40,94.0
2015-08-11T04:11:12,59.0
2015-08-11T04:41:10,77.0
2015-08-12T02:13:51,24.0
2015-08-12T03:07:57,45.0
2015-08-12T04:11:34,38.0
2015-08-13T01:42:28,71.0
2015-08-13T02:12:54,37.0
2015-08-13T02:41:39,37.0
2015-08-13T03:13:51,30.0
2015-08-13T03:40:02,60.0
2015-08-13T04:11:19,30.0
2015-08-13T04:37:43,30.0
2015-08-14T01:40:17,33.0
2015-08-14T02:15:11,33.0
2015-08-14T02:40:08,70.0
2015-08-14T03:11:16,76.0
2015-08-14T03:42:47,35.0
2015-08-14T04:09:02,50.0
2015-08-14T04:41:15,72.0
2015-08-15T01:39:14,60.0
2015-08-15T02:40:19,32.0
2015-08-15T03:39:00,48.0
2015-08-15T04:38:24,54.0
2015-08-16T01:42:37,32.0
2015-08-16T02:40:16,36.0
2015-08-16T03:41:28,23.0
2015-08-16T04:38:39,74.0
2015-08-17T01:41:42,35.0
2015-08-17T02:11:30,24.0
2015-08-17T02:42:25,80.0
2015-08-17T03:07:37,17.0
2015-08-17T03:40:12,21.0
2015-08-17T04:08:56,28.0
2015-08-17T04:41:03,60.0
2015-08-18T01:42:23,71.0
2015-08-18T02:11:10,78.0
2015-08-18T02:42:31,87.0
2015-08-18T03:10:13,22.0
2015-08-18T03:41:08,67.0
2015-08-18T04:07:46,18.0
2015-08-18T04:37:23,53.0
2015-08-19T02:09:15,37.0
2015-08-19T03:12:41,39.0
2015-08-19T04:12:51,35.0
2015-08-20T01:38:29,89.0
2015-08-20T02:12:41,35.0
2015-08-20T02:38:43,30.0
2015-08-20T03:09:54,30.0
2015-08-20T03:38:44,30.0
2015-08-20T04:11:13,22.0
2015-08-20T04:39:57,88.0
2015-08-21T01:37:43,33.0
2015-08-21T02:10:16,30.0
2015-08-21T02:37:40,42.0
2015-08-21T03:10:13,41.0
2015-08-21T03:38:41,30.0
2015-08-22T01:40:11,38.0
2015-08-22T02:09:01,36.0
2015-08-22T02:38:51,33.0
2015-08-22T03:12:25,51.0
2015-08-22T03:38:48,30.0
2015-08-22T04:13:41,60.0
2015-08-22T04:38:45,30.0
2015-08-23T03:10:25,27.0
2015-08-23T04:12:38,30.0
2015-08-25T01:32:26,66.0
2015-08-25T02:37:26,80.0
2015-08-25T03:36:10,78.0
2015-08-25T04:34:58,68.0
2015-08-26T01:42:23,79.0
2015-08-26T02:18:54,30.0
2015-08-26T02:43:45,73.0
2015-08-26T03:12:38,30.0
2015-08-26T03:46:08,65.0
2015-08-26T04:12:27,54.0
2015-08-26T04:39:58,71.0
2015-08-27T01:37:46,36.0
2015-08-27T02:38:37,77.0
2015-08-27T03:38:30,155.0
2015-08-27T04:42:35,99.0
2015-08-28T02:37:31,95.0
2015-08-29T01:52:36,78.0
2015-08-29T02:13:53,71.0
2015-08-29T03:12:52,19.0
2015-08-29T03:37:26,85.0
2015-08-29T04:13:57,60.0
2015-08-29T04:40:00,70.0
2015-08-30T02:11:33,47.0
2015-08-30T03:16:16,30.0
2015-08-30T04:11:45,47.0
2015-08-01T01:10:16,82.0
2015-08-02T01:09:41,57.0
2015-08-06T01:11:14,56.0
2015-08-07T01:06:34,37.0
2015-08-08T01:11:35,28.0
2015-08-10T01:09:57,66.0
2015-08-11T01:10:09,62.0
2015-08-12T01:16:30,20.0
2015-08-13T01:16:20,30.0
2015-08-14T01:14:57,30.0
2015-08-17T01:11:18,76.0
2015-08-18T01:11:26,32.0
2015-08-19T01:16:13,22.0
2015-08-20T01:17:04,60.0
2015-08-21T01:09:01,35.0
2015-08-22T01:13:55,26.0
2015-08-23T01:11:13,42.0
2015-08-26T01:16:24,22.0
2015-08-29T01:11:22,82.0
2015-08-30T01:10:08,37.0
2015-08-01T05:07:29,94.0
2015-08-02T05:10:12,32.0
2015-08-06T05:07:46,31.0
2015-08-07T05:07:22,81.0
2015-08-08T05:09:57,66.0
2015-08-10T05:08:40,65.0
2015-08-11T05:12:57,30.0
2015-08-12T05:11:41,25.0
2015-08-13T05:11:07,62.0
2015-08-14T05:14:00,31.0
2015-08-17T05:11:29,79.0
2015-08-18T05:08:49,30.0
2015-08-19T05:10:19,34.0
2015-08-20T05:12:34,29.0
2015-08-22T05:11:28,36.0
2015-08-23T05:10:01,82.0
2015-08-26T05:15:09,30.0
2015-08-29T05:10:25,32.0
2015-08-30T05:08:37,60.0
2015-07-01T10:55:10,134.0
2015-07-01T10:58:48,84.0
2015-07-01T11:12:37,67.0
2015-07-01T11:21:26,84.0
2015-07-01T11:50:15,82.0
2015-07-01T11:52:41,154.0
2015-07-01T13:00:16,162.0
2015-07-01T13:06:29,166.0
2015-07-01T13:08:28,61.0
2015-07-01T13:23:53,80.0
2015-07-01T13:40:09,62.0
2015-07-01T13:51:22,78.0
2015-07-01T13:57:52,153.0
2015-07-01T15:08:09,92.0
2015-07-01T15:14:07,101.0
2015-07-01T15:23:07,92.0
2015-07-01T15:40:59,84.0
2015-07-01T15:51:39,70.0
2015-07-01T16:05:12,84.0
2015-07-01T17:03:21,60.0
2015-07-01T17:12:45,85.0
2015-07-01T17:24:45,93.0
2015-07-01T17:33:40,92.0
2015-07-01T17:55:34,60.0
2015-07-01T18:03:44,91.0
2015-07-01T18:14:11,92.0
2015-07-01T19:09:35,95.0
2015-07-01T19:17:14,96.0
2015-07-01T19:27:35,92.0
2015-07-01T19:41:09,95.0
2015-07-01T20:08:57,69.0
2015-07-01T21:10:06,74.0
2015-07-01T21:25:19,85.0
2015-07-01T21:41:27,94.0
2015-07-01T22:10:10,74.0
2015-07-01T22:45:06,78.0
2015-07-01T23:02:39,81.0
2015-07-01T23:25:21,21.0
2015-07-01T05:56:10,63.0
2015-07-01T06:55:06,61.0
2015-07-01T07:05:13,123.0
2015-07-01T07:17:21,83.0
2015-07-01T07:38:27,116.0
2015-07-01T07:45:08,61.0
2015-07-01T08:50:28,107.0
2015-07-01T08:56:13,101.0
2015-07-01T09:06:51,86.0
2015-07-01T09:38:31,84.0
2015-07-01T09:43:08,94.0
2015-07-01T09:50:13,90.0
2015-07-02T11:28:57,160.0
2015-07-02T11:38:18,179.0
2015-07-02T12:40:08,204.0
2015-07-02T12:07:24,147.0
2015-07-02T13:27:36,162.0
2015-07-02T13:46:15,227.0
2015-07-02T14:02:43,74.0
2015-07-02T14:12:30,78.0
2015-07-02T15:32:07,92.0
2015-07-02T15:51:45,102.0
2015-07-02T16:15:40,110.0
2015-07-02T16:23:18,87.0
2015-07-02T17:44:15,89.0
2015-07-02T18:00:31,91.0
2015-07-02T18:21:49,60.0
2015-07-02T18:32:02,132.0
2015-07-02T19:54:34,120.0
2015-07-02T20:23:45,135.0
2015-07-02T21:52:29,77.0
2015-07-02T22:21:29,45.0
2015-07-02T23:41:15,60.0
2015-07-02T00:23:47,70.0
2015-07-02T00:42:28,78.0
2015-07-02T05:33:48,86.0
2015-07-02T05:56:20,86.0
2015-07-02T06:12:01,89.0
2015-07-02T07:26:17,108.0
2015-07-02T07:38:13,101.0
2015-07-02T08:04:01,94.0
2015-07-02T09:33:49,206.0
2015-07-02T09:41:12,194.0
2015-07-02T10:07:42,174.0
2015-07-03T10:25:15,74.0
2015-07-03T10:42:39,133.0
2015-07-03T10:53:51,68.0
2015-07-03T11:46:41,81.0
2015-07-03T12:16:21,127.0
2015-07-03T12:25:12,83.0
2015-07-03T12:38:59,90.0
2015-07-03T12:57:44,118.0
2015-07-03T13:55:11,126.0
2015-07-03T14:26:25,117.0
2015-07-03T14:36:29,78.0
2015-07-03T14:44:20,105.0
2015-07-03T15:05:11,83.0
2015-07-03T16:05:13,97.0
2015-07-03T16:32:13,91.0
2015-07-03T16:41:10,109.0
2015-07-03T16:54:35,79.0
2015-07-03T17:11:19,97.0
2015-07-03T18:11:12,77.0
2015-07-03T18:42:48,108.0
2015-07-03T18:53:12,100.0
2015-07-03T19:17:02,95.0
2015-07-03T20:40:07,104.0
2015-07-03T20:53:54,85.0
2015-07-03T21:23:44,60.0
2015-07-03T22:43:55,75.0
2015-07-03T00:02:41,21.0
2015-07-03T06:27:50,66.0
2015-07-03T06:42:51,97.0
2015-07-03T07:45:51,118.0
2015-07-03T08:24:53,108.0
2015-07-03T08:38:26,85.0
2015-07-03T09:46:02,45.0
2015-07-03T10:16:35,70.0
2015-07-04T10:20:03,84.0
2015-07-04T11:53:50,70.0
2015-07-04T15:53:37,63.0
2015-07-04T17:23:34,17.0
2015-07-04T18:22:37,69.0
2015-07-04T18:51:19,88.0
2015-07-04T19:22:29,87.0
2015-07-04T22:44:04,87.0
2015-07-04T05:45:06,66.0
2015-07-04T09:22:34,76.0
2015-07-05T10:21:18,76.0
2015-07-05T14:07:27,12.0
2015-07-05T16:23:03,17.0
2015-07-05T18:06:31,15.0
2015-07-05T18:21:30,13.0
2015-07-05T19:23:45,89.0
2015-07-05T21:07:44,74.0
2015-07-05T21:36:27,82.0
2015-07-05T21:56:25,89.0
2015-07-05T23:43:45,75.0
2015-07-05T00:34:06,45.0
2015-07-05T00:51:21,84.0
2015-07-05T09:18:56,80.0
2015-07-05T10:04:02,80.0
2015-07-06T10:38:54,74.0
2015-07-06T10:47:32,68.0
2015-07-06T11:46:33,94.0
2015-07-06T11:37:46,74.0
2015-07-06T11:53:51,69.0
2015-07-06T12:05:10,135.0
2015-07-06T13:02:37,98.0
2015-07-06T13:37:44,66.0
2015-07-06T13:46:16,125.0
2015-07-06T14:03:50,145.0
2015-07-06T14:14:00,72.0
2015-07-06T14:26:32,81.0
2015-07-06T14:54:46,105.0
2015-07-06T15:24:42,91.0
2015-07-06T15:42:45,93.0
2015-07-06T15:54:31,96.0
2015-07-06T16:12:41,99.0
2015-07-06T16:21:40,104.0
2015-07-06T16:36:29,111.0
2015-07-06T17:03:24,89.0
2015-07-06T17:32:13,97.0
2015-07-06T17:53:16,107.0
2015-07-06T18:03:53,100.0
2015-07-06T18:21:38,94.0
2015-07-06T18:30:48,88.0
2015-07-06T18:42:47,103.0
2015-07-06T19:06:36,108.0
2015-07-06T19:42:41,107.0
2015-07-06T20:23:57,75.0
2015-07-06T20:43:58,73.0
2015-07-06T21:09:00,69.0
2015-07-06T22:21:34,30.0
2015-07-06T22:42:32,63.0
2015-07-06T23:25:16,23.0
2015-07-06T05:55:06,91.0
2015-07-06T06:18:47,112.0
2015-07-06T06:47:16,81.0
2015-07-06T07:17:27,103.0
2015-07-06T07:38:14,113.0
2015-07-06T07:54:59,46.0
2015-07-06T08:02:37,120.0
2015-07-06T08:14:22,79.0
2015-07-06T08:35:19,109.0
2015-07-06T08:48:30,68.0
2015-07-06T09:17:20,81.0
2015-07-06T09:39:51,83.0
2015-07-06T09:56:26,108.0
2015-07-06T10:09:02,78.0
2015-07-07T10:16:28,62.0
2015-07-07T10:47:37,68.0
2015-07-07T10:56:39,88.0
2015-07-07T11:17:45,72.0
2015-07-07T11:57:44,68.0
2015-07-07T12:17:35,70.0
2015-07-07T12:51:34,79.0
2015-07-07T12:57:32,122.0
2015-07-07T13:17:42,69.0
2015-07-07T13:34:06,74.0
2015-07-07T14:01:36,74.0
2015-07-07T14:24:04,20.0
2015-07-07T14:53:15,101.0
2015-07-07T15:03:07,62.0
2015-07-07T15:26:14,104.0
2015-07-07T15:42:39,101.0
2015-07-07T16:18:35,78.0
2015-07-07T16:38:15,99.0
2015-07-07T17:03:30,81.0
2015-07-07T17:15:32,73.0
2015-07-07T17:35:02,169.0
2015-07-07T17:53:22,92.0
2015-07-07T18:20:22,108.0
2015-07-07T18:44:15,93.0
2015-07-07T19:09:36,92.0
2015-07-07T19:38:02,116.0
2015-07-07T19:42:34,102.0
2015-07-07T20:23:52,111.0
2015-07-07T20:42:39,62.0
2015-07-07T21:10:03,71.0
2015-07-07T21:27:32,63.0
2015-07-07T21:40:04,83.0
2015-07-07T22:22:43,80.0
2015-07-07T22:42:38,65.0
2015-07-07T23:07:21,74.0
2015-07-07T00:03:49,90.0
2015-07-07T00:18:47,61.0
2015-07-07T06:59:17,86.0
2015-07-07T07:14:15,82.0
2015-07-07T07:56:11,79.0
2015-07-07T08:19:02,133.0
2015-07-07T08:47:37,105.0
2015-07-07T08:56:24,120.0
2015-07-07T09:17:06,105.0
2015-07-07T10:17:53,44.0
2015-07-08T10:56:27,97.0
2015-07-08T11:38:49,61.0
2015-07-08T11:46:26,80.0
2015-07-08T12:18:52,83.0
2015-07-08T12:58:49,67.0
2015-07-08T13:43:39,69.0
2015-07-08T13:55:13,92.0
2015-07-08T14:24:03,71.0
2015-07-08T15:09:39,107.0
2015-07-08T15:50:13,99.0
2015-07-08T16:03:37,103.0
2015-07-08T16:32:11,98.0
2015-07-08T17:16:58,80.0
2015-07-08T18:00:41,103.0
2015-07-08T18:12:49,109.0
2015-07-08T18:41:15,105.0
2015-07-08T19:17:18,99.0
2015-07-08T20:15:07,83.0
2015-07-08T20:38:48,95.0
2015-07-08T21:23:53,63.0
2015-07-08T22:09:00,61.0
2015-07-08T23:05:02,86.0
2015-07-08T00:02:37,90.0
2015-07-08T00:24:04,43.0
2015-07-08T00:47:31,63.0
2015-07-08T05:56:08,78.0
2015-07-08T06:57:53,90.0
2015-07-08T07:36:45,84.0
2015-07-08T07:44:18,83.0
2015-07-08T07:56:16,107.0
2015-07-08T08:56:34,103.0
2015-07-08T09:36:47,85.0
2015-07-08T09:47:26,88.0
2015-07-08T10:18:44,94.0
2015-07-09T10:17:49,79.0
2015-07-09T10:38:43,60.0
2015-07-09T10:51:40,87.0
2015-07-09T11:26:11,97.0
2015-07-09T11:18:58,58.0
2015-07-09T11:22:43,68.0
2015-07-09T11:41:28,66.0
2015-07-09T12:02:45,69.0
2015-07-09T12:17:42,71.0
2015-07-09T12:39:55,63.0
2015-07-09T12:52:53,79.0
2015-07-09T13:15:14,61.0
2015-07-09T13:22:45,77.0
2015-07-09T13:45:15,81.0
2015-07-09T14:07:39,44.0
2015-07-09T14:24:04,80.0
2015-07-09T14:48:47,108.0
2015-07-09T14:51:45,86.0
2015-07-09T15:23:16,124.0
2015-07-09T15:33:44,87.0
2015-07-09T16:14:25,93.0
2015-07-09T16:33:50,110.0
2015-07-09T16:52:56,86.0
2015-07-09T16:57:42,102.0
2015-07-09T17:34:56,60.0
2015-07-09T17:41:24,92.0
2015-07-09T18:20:23,111.0
2015-07-09T18:42:49,106.0
2015-07-09T19:05:09,113.0
2015-07-09T19:44:16,115.0
2015-07-09T19:54:40,95.0
2015-07-09T20:22:30,60.0
2015-07-09T20:38:51,77.0
2015-07-09T21:11:28,74.0
2015-07-09T21:44:06,83.0
2015-07-09T21:53:47,90.0
2015-07-09T22:43:53,77.0
2015-07-09T23:41:17,76.0
2015-07-09T00:43:38,72.0
2015-07-09T05:32:33,67.0
2015-07-09T05:57:31,74.0
2015-07-09T06:47:22,93.0
2015-07-09T07:08:13,59.0
2015-07-09T07:15:49,110.0
2015-07-09T07:24:50,100.0
2015-07-09T07:36:50,78.0
2015-07-09T08:15:40,69.0
2015-07-09T08:41:24,77.0
2015-07-09T08:50:20,86.0
2015-07-09T09:02:09,88.0
2015-07-09T09:18:54,118.0
2015-07-09T09:24:47,87.0
2015-07-09T09:41:29,89.0
2015-07-09T10:02:11,57.0
2015-07-10T10:56:35,84.0
2015-07-10T11:12:51,82.0
2015-07-10T11:22:35,68.0
2015-07-10T11:56:23,61.0
2015-07-10T12:10:17,75.0
2015-07-10T12:58:55,88.0
2015-07-10T13:18:52,76.0
2015-07-10T13:23:49,134.0
2015-07-10T13:39:00,77.0
2015-07-10T14:05:02,76.0
2015-07-10T15:05:15,101.0
2015-07-10T15:23:18,111.0
2015-07-10T15:33:49,100.0
2015-07-10T15:44:11,108.0
2015-07-10T16:11:18,100.0
2015-07-10T16:21:41,97.0
2015-07-10T17:13:58,85.0
2015-07-10T17:35:10,104.0
2015-07-10T17:41:15,97.0
2015-07-10T17:50:04,89.0
2015-07-10T18:20:21,100.0
2015-07-10T18:30:41,101.0
2015-07-10T19:17:08,94.0
2015-07-10T19:41:08,94.0
2015-07-10T19:53:17,116.0
2015-07-10T20:23:58,80.0
2015-07-10T21:25:05,142.0
2015-07-10T21:40:15,79.0
2015-07-10T21:52:50,88.0
2015-07-10T22:22:37,73.0
2015-07-10T22:43:58,75.0
2015-07-10T23:07:43,74.0
2015-07-10T23:41:20,85.0
2015-07-10T00:02:35,106.0
2015-07-10T00:23:40,61.0
2015-07-10T05:32:35,76.0
2015-07-10T06:17:21,100.0
2015-07-10T06:56:30,93.0
2015-07-10T07:16:13,107.0
2015-07-10T07:23:15,104.0
2015-07-10T07:59:14,109.0
2015-07-10T08:05:13,107.0
2015-07-10T08:59:20,111.0
2015-07-10T09:17:11,103.0
2015-07-10T09:44:08,79.0
2015-07-10T09:59:15,102.0
2015-07-10T10:08:26,60.0
2015-07-11T11:07:38,66.0
2015-07-11T11:50:11,79.0
2015-07-11T13:08:54,102.0
2015-07-11T13:48:57,80.0
2015-07-11T15:06:26,89.0
2015-07-11T15:50:26,76.0
2015-07-11T17:05:12,60.0
2015-07-11T17:50:18,94.0
2015-07-11T19:12:33,60.0
2015-07-11T19:45:23,81.0
2015-07-11T20:54:06,19.0
2015-07-11T21:29:02,74.0
2015-07-11T23:39:03,91.0
2015-07-11T23:22:47,80.0
2015-07-11T00:02:38,82.0
2015-07-11T00:26:29,85.0
2015-07-11T00:42:35,70.0
2015-07-11T06:21:06,67.0
2015-07-11T08:02:30,75.0
2015-07-11T09:48:44,90.0
2015-07-12T10:20:01,88.0
2015-07-12T10:52:40,85.0
2015-07-12T11:10:58,73.0
2015-07-12T11:35:05,76.0
2015-07-12T11:58:55,75.0
2015-07-12T12:18:38,69.0
2015-07-12T12:53:54,84.0
2015-07-12T13:08:57,67.0
2015-07-12T13:35:04,73.0
2015-07-12T14:06:34,86.0
2015-07-12T14:20:02,153.0
2015-07-12T14:50:20,79.0
2015-07-12T15:03:54,62.0
2015-07-12T15:33:55,68.0
2015-07-12T16:04:53,61.0
2015-07-12T16:20:13,60.0
2015-07-12T16:50:08,77.0
2015-07-12T17:06:27,65.0
2015-07-12T17:35:15,67.0
2015-07-12T18:05:13,83.0
2015-07-12T18:22:29,118.0
2015-07-12T18:52:40,51.0
2015-07-12T19:07:39,64.0
2015-07-12T19:52:29,84.0
2015-07-12T20:11:14,72.0
2015-07-12T20:41:23,83.0
2015-07-12T20:55:03,121.0
2015-07-12T21:36:29,90.0
2015-07-12T22:23:50,59.0
2015-07-12T22:43:50,66.0
2015-07-12T23:21:27,84.0
2015-07-12T00:56:26,130.0
2015-07-12T05:43:51,71.0
2015-07-12T06:02:22,54.0
2015-07-12T06:42:22,92.0
2015-07-12T07:22:37,77.0
2015-07-12T07:42:33,135.0
2015-07-12T09:02:41,107.0
2015-07-12T09:35:03,90.0
2015-07-12T10:05:05,88.0
2015-07-13T10:36:11,92.0
2015-07-13T11:00:13,134.0
2015-07-13T11:07:44,74.0
2015-07-13T11:35:26,104.0
2015-07-13T11:47:41,74.0
2015-07-13T12:14:11,83.0
2015-07-13T12:34:02,79.0
2015-07-13T13:00:04,88.0
2015-07-13T13:09:01,93.0
2015-07-13T13:45:09,139.0
2015-07-13T14:25:07,90.0
2015-07-13T14:13:52,118.0
2015-07-13T14:42:40,94.0
2015-07-13T15:17:23,100.0
2015-07-13T15:52:01,104.0
2015-07-13T16:08:09,63.0
2015-07-13T16:19:49,61.0
2015-07-13T16:51:50,101.0
2015-07-13T17:14:23,114.0
2015-07-13T17:23:14,77.0
2015-07-13T18:02:13,105.0
2015-07-13T18:12:33,99.0
2015-07-13T18:32:26,118.0
2015-07-13T19:15:42,103.0
2015-07-13T19:27:49,120.0
2015-07-13T20:16:15,64.0
2015-07-13T21:26:18,78.0
2015-07-13T22:10:10,67.0
2015-07-13T23:26:14,87.0
2015-07-13T00:03:40,63.0
2015-07-13T00:27:21,63.0
2015-07-13T05:54:58,79.0
2015-07-13T06:13:59,85.0
2015-07-13T06:44:14,111.0
2015-07-13T07:03:45,89.0
2015-07-13T07:38:19,105.0
2015-07-13T07:45:45,127.0
2015-07-13T08:06:18,91.0
2015-07-13T08:35:22,87.0
2015-07-13T09:00:49,83.0
2015-07-13T09:08:16,101.0
2015-07-13T09:38:18,126.0
2015-07-13T09:47:14,114.0
2015-07-13T10:07:41,105.0
2015-07-14T10:15:14,93.0
2015-07-14T10:30:07,140.0
2015-07-14T10:43:55,81.0
2015-07-14T11:06:34,88.0
2015-07-14T11:26:26,80.0
2015-07-14T12:03:57,83.0
2015-07-14T12:18:49,133.0
2015-07-14T12:29:01,63.0
2015-07-14T12:47:44,68.0
2015-07-14T13:06:29,93.0
2015-07-14T13:26:36,82.0
2015-07-14T14:24:02,94.0
2015-07-14T14:38:14,116.0
2015-07-14T14:53:09,110.0
2015-07-14T15:15:28,87.0
2015-07-14T15:32:28,100.0
2015-07-14T16:29:21,105.0
2015-07-14T16:44:25,83.0
2015-07-14T17:03:54,81.0
2015-07-14T17:24:42,111.0
2015-07-14T17:42:46,114.0
2015-07-14T18:39:45,92.0
2015-07-14T18:54:42,110.0
2015-07-14T19:09:38,95.0
2015-07-14T19:29:11,111.0
2015-07-14T19:54:42,103.0
2015-07-14T20:37:39,60.0
2015-07-14T20:53:53,91.0
2015-07-14T21:12:40,81.0
2015-07-14T21:52:41,72.0
2015-07-14T22:43:52,77.0
2015-07-14T23:23:51,87.0
2015-07-14T23:42:29,78.0
2015-07-14T05:32:18,62.0
2015-07-14T06:30:45,113.0
2015-07-14T07:03:42,64.0
2015-07-14T07:26:08,107.0
2015-07-14T07:57:47,92.0
2015-07-14T08:16:00,71.0
2015-07-14T08:23:19,101.0
2015-07-14T08:47:35,93.0
2015-07-14T09:05:16,41.0
2015-07-14T09:26:18,81.0
2015-07-14T09:59:28,86.0
2015-07-15T10:37:45,58.0
2015-07-15T12:04:00,70.0
2015-07-15T12:38:51,60.0
2015-07-15T13:17:39,67.0
2015-07-15T14:15:09,60.0
2015-07-15T14:44:09,108.0
2015-07-15T15:24:46,99.0
2015-07-15T16:21:23,60.0
2015-07-15T16:53:26,98.0
2015-07-15T17:35:25,114.0
2015-07-15T18:32:17,107.0
2015-07-15T19:41:13,93.0
2015-07-15T21:40:09,75.0
2015-07-15T22:42:37,75.0
2015-07-15T00:22:28,56.0
2015-07-15T06:12:33,84.0
2015-07-15T06:45:47,112.0
2015-07-15T07:17:14,109.0
2015-07-15T08:05:12,159.0
2015-07-15T08:38:18,84.0
2015-07-15T09:24:44,191.0
2015-07-15T10:05:03,88.0
2015-07-16T10:38:39,68.0
2015-07-16T10:53:58,77.0
2015-07-16T11:46:35,62.0
2015-07-16T12:37:41,76.0
2015-07-16T12:58:48,70.0
2015-07-16T13:55:14,72.0
2015-07-16T14:44:18,109.0
2015-07-16T15:03:44,110.0
2015-07-16T16:05:24,114.0
2015-07-16T16:53:28,126.0
2015-07-16T17:15:44,110.0
2015-07-16T18:14:21,92.0
2015-07-16T19:17:06,106.0
2015-07-16T20:11:19,65.0
2015-07-16T21:22:34,88.0
2015-07-16T22:43:50,67.0
2015-07-16T23:13:49,92.0
2015-07-16T23:23:34,81.0
2015-07-16T00:23:54,91.0
2015-07-16T06:41:34,57.0
2015-07-16T06:54:44,116.0
2015-07-16T07:48:44,105.0
2015-07-16T08:38:17,107.0
2015-07-16T09:38:41,65.0
2015-07-16T09:47:14,104.0
2015-07-17T10:15:28,93.0
2015-07-17T11:12:40,75.0
2015-07-17T11:27:50,78.0
2015-07-17T11:38:46,121.0
2015-07-17T11:47:41,83.0
2015-07-17T12:16:26,60.0
2015-07-17T13:03:31,48.0
2015-07-17T13:26:36,84.0
2015-07-17T13:32:47,78.0
2015-07-17T13:46:29,72.0
2015-07-17T13:56:27,73.0
2015-07-17T14:24:08,59.0
2015-07-17T15:14:14,96.0
2015-07-17T15:30:42,104.0
2015-07-17T15:44:24,100.0
2015-07-17T16:01:57,75.0
2015-07-17T16:05:08,87.0
2015-07-17T16:32:17,93.0
2015-07-17T17:23:10,180.0
2015-07-17T17:42:45,94.0
2015-07-17T17:53:20,86.0
2015-07-17T18:02:14,88.0
2015-07-17T18:12:40,86.0
2015-07-17T18:39:44,70.0
2015-07-17T19:29:09,103.0
2015-07-17T19:53:04,112.0
2015-07-17T20:11:33,68.0
2015-07-17T20:38:59,78.0
2015-07-17T21:54:26,30.0
2015-07-17T22:09:24,101.0
2015-07-17T23:42:39,84.0
2015-07-17T00:31:16,88.0
2015-07-17T00:42:22,95.0
2015-07-17T05:33:49,83.0
2015-07-17T05:52:58,54.0
2015-07-17T07:15:56,130.0
2015-07-17T07:24:54,43.0
2015-07-17T07:35:12,79.0
2015-07-17T07:47:11,83.0
2015-07-17T08:14:25,82.0
2015-07-17T09:08:22,75.0
2015-07-17T09:26:21,92.0
2015-07-17T09:38:14,96.0
2015-07-17T09:47:11,90.0
2015-07-18T10:19:01,67.0
2015-07-18T10:50:13,61.0
2015-07-18T11:06:40,76.0
2015-07-18T11:20:06,90.0
2015-07-18T12:07:47,74.0
2015-07-18T12:18:55,71.0
2015-07-18T12:48:52,54.0
2015-07-18T13:02:43,54.0
2015-07-18T13:17:44,59.0
2015-07-18T14:05:09,61.0
2015-07-18T14:20:04,70.0
2015-07-18T14:51:41,105.0
2015-07-18T15:08:53,131.0
2015-07-18T15:19:04,73.0
2015-07-18T16:07:46,77.0
2015-07-18T16:20:16,84.0
2015-07-18T17:09:05,57.0
2015-07-18T17:22:38,127.0
2015-07-18T18:08:55,67.0
2015-07-18T18:20:17,69.0
2015-07-18T18:55:05,142.0
2015-07-18T19:07:47,73.0
2015-07-18T19:22:34,63.0
2015-07-18T19:56:20,70.0
2015-07-18T20:12:42,67.0
2015-07-18T20:42:37,72.0
2015-07-18T20:52:47,56.0
2015-07-18T21:08:56,67.0
2015-07-18T21:38:53,74.0
2015-07-18T22:03:58,139.0
2015-07-18T22:44:54,118.0
2015-07-18T22:48:19,179.0
2015-07-18T23:50:14,76.0
2015-07-18T05:41:22,102.0
2015-07-18T06:41:20,86.0
2015-07-18T07:21:14,75.0
2015-07-18T08:22:37,68.0
2015-07-18T09:02:38,68.0
2015-07-18T09:17:49,82.0
2015-07-18T10:07:47,70.0
2015-07-19T10:50:09,75.0
2015-07-19T11:09:58,60.0
2015-07-19T11:19:00,70.0
2015-07-19T12:05:18,84.0
2015-07-19T12:51:15,140.0
2015-07-19T13:06:24,65.0
2015-07-19T13:20:17,68.0
2015-07-19T14:08:01,33.0
2015-07-19T14:51:26,145.0
2015-07-19T15:05:03,60.0
2015-07-19T15:21:31,78.0
2015-07-19T16:05:15,67.0
2015-07-19T16:48:52,60.0
2015-07-19T17:07:43,56.0
2015-07-19T17:21:24,58.0
2015-07-19T18:05:06,121.0
2015-07-19T18:56:20,64.0
2015-07-19T19:08:58,85.0
2015-07-19T19:23:47,72.0
2015-07-19T19:54:01,60.0
2015-07-19T20:41:16,53.0
2015-07-19T20:55:03,75.0
2015-07-19T21:08:37,116.0
2015-07-19T21:41:36,62.0
2015-07-19T22:23:45,75.0
2015-07-19T23:22:34,68.0
2015-07-19T00:02:40,85.0
2015-07-19T00:22:42,93.0
2015-07-19T05:42:22,75.0
2015-07-19T07:23:48,90.0
2015-07-19T09:03:52,79.0
2015-07-19T09:22:43,69.0
2015-07-19T10:15:09,85.0
2015-07-20T10:13:47,64.0
2015-07-20T10:26:27,70.0
2015-07-20T10:58:54,64.0
2015-07-20T12:17:37,56.0
2015-07-20T12:27:29,60.0
2015-07-20T12:56:24,77.0
2015-07-20T14:02:35,60.0
2015-07-20T14:13:51,61.0
2015-07-20T14:23:53,72.0
2015-07-20T14:33:40,98.0
2015-07-20T15:05:19,114.0
2015-07-20T16:14:18,106.0
2015-07-20T16:21:34,68.0
2015-07-20T16:32:06,91.0
2015-07-20T16:41:17,92.0
2015-07-20T17:11:05,81.0
2015-07-20T18:24:36,87.0
2015-07-20T18:30:39,86.0
2015-07-20T18:41:07,87.0
2015-07-20T18:55:26,60.0
2015-07-20T19:15:54,36.0
2015-07-20T20:22:10,40.0
2015-07-20T20:38:54,71.0
2015-07-20T20:55:27,90.0
2015-07-20T21:24:52,82.0
2015-07-20T22:21:20,69.0
2015-07-20T23:22:23,73.0
2015-07-20T00:04:57,60.0
2015-07-20T06:12:59,37.0
2015-07-20T06:27:38,31.0
2015-07-20T06:56:19,103.0
2015-07-20T08:00:42,71.0
2015-07-20T08:15:42,99.0
2015-07-20T08:27:39,71.0
2015-07-20T08:57:45,104.0
2015-07-20T09:56:16,102.0
2015-07-20T10:06:30,60.0
2015-07-21T10:47:40,73.0
2015-07-21T11:06:22,59.0
2015-07-21T11:36:24,89.0
2015-07-21T11:49:52,61.0
2015-07-21T12:47:23,75.0
2015-07-21T13:07:37,90.0
2015-07-21T13:44:01,98.0
2015-07-21T13:54:58,60.0
2015-07-21T14:53:00,91.0
2015-07-21T15:15:36,93.0
2015-07-21T15:50:10,102.0
2015-07-21T16:02:09,87.0
2015-07-21T17:04:59,95.0
2015-07-21T17:26:12,95.0
2015-07-21T18:02:06,93.0
2015-07-21T18:12:40,95.0
2015-07-21T19:05:50,60.0
2015-07-21T19:24:37,107.0
2015-07-21T20:08:56,75.0
2015-07-21T21:09:01,71.0
2015-07-21T22:08:52,64.0
2015-07-21T22:42:44,98.0
2015-07-21T23:25:01,79.0
2015-07-21T00:02:34,83.0
2015-07-21T05:55:17,42.0
2015-07-21T07:02:37,31.0
2015-07-21T07:38:15,102.0
2015-07-21T07:43:00,30.0
2015-07-21T07:54:51,43.0
2015-07-21T08:47:11,98.0
2015-07-21T09:05:35,40.0
2015-07-21T09:37:04,43.0
2015-07-21T09:46:00,29.0
2015-07-21T10:29:46,86.0
2015-07-22T10:15:09,72.0
2015-07-22T10:26:32,70.0
2015-07-22T11:05:07,67.0
2015-07-22T11:37:35,83.0
2015-07-22T12:02:38,57.0
2015-07-22T12:18:50,63.0
2015-07-22T12:24:04,62.0
2015-07-22T13:06:25,76.0
2015-07-22T13:15:09,60.0
2015-07-22T13:36:25,77.0
2015-07-22T13:45:10,61.0
2015-07-22T14:12:40,41.0
2015-07-22T14:25:12,82.0
2015-07-22T14:36:40,100.0
2015-07-22T15:14:18,97.0
2015-07-22T15:24:45,93.0
2015-07-22T15:42:48,109.0
2015-07-22T15:49:58,73.0
2015-07-22T16:23:12,97.0
2015-07-22T16:32:01,88.0
2015-07-22T16:42:43,93.0
2015-07-22T17:32:22,41.0
2015-07-22T17:36:38,91.0
2015-07-22T17:53:06,71.0
2015-07-22T18:02:18,104.0
2015-07-22T18:30:49,40.0
2015-07-22T18:40:58,84.0
2015-07-22T18:54:37,97.0
2015-07-22T19:24:45,99.0
2015-07-22T19:42:42,91.0
2015-07-22T20:37:41,73.0
2015-07-22T20:54:00,72.0
2015-07-22T21:38:53,57.0
2015-07-22T22:42:40,97.0
2015-07-22T00:23:40,66.0
2015-07-22T05:56:09,62.0
2015-07-22T06:12:46,36.0
2015-07-22T06:26:37,38.0
2015-07-22T07:02:40,32.0
2015-07-22T07:13:00,30.0
2015-07-22T07:36:27,60.0
2015-07-22T08:05:14,82.0
2015-07-22T08:14:16,96.0
2015-07-22T08:25:04,34.0
2015-07-22T09:07:45,60.0
2015-07-22T09:17:19,96.0
2015-07-22T09:39:44,103.0
2015-07-22T10:08:47,81.0
2015-07-23T10:17:41,80.0
2015-07-23T10:26:15,70.0
2015-07-23T10:44:35,60.0
2015-07-23T10:56:32,75.0
2015-07-23T11:52:35,84.0
2015-07-23T12:05:09,37.0
2015-07-23T12:06:15,60.0
2015-07-23T12:16:18,86.0
2015-07-23T12:23:46,90.0
2015-07-23T12:39:50,60.0
2015-07-23T12:51:27,80.0
2015-07-23T13:36:33,60.0
2015-07-23T13:46:21,85.0
2015-07-23T14:02:39,36.0
2015-07-23T14:12:42,74.0
2015-07-23T14:23:47,60.0
2015-07-23T14:38:01,92.0
2015-07-23T14:43:50,82.0
2015-07-23T14:53:01,86.0
2015-07-23T15:42:37,89.0
2015-07-23T16:54:25,110.0
2015-07-23T16:15:33,92.0
2015-07-23T16:35:04,81.0
2015-07-23T16:44:00,104.0
2015-07-23T16:52:56,66.0
2015-07-23T17:03:34,90.0
2015-07-23T17:51:45,93.0
2015-07-23T18:54:24,72.0
2015-07-23T19:01:52,63.0
2015-07-23T19:06:30,96.0
2015-07-23T20:22:36,45.0
2015-07-23T20:38:47,65.0
2015-07-23T20:53:59,59.0
2015-07-23T21:11:14,83.0
2015-07-23T22:22:33,74.0
2015-07-23T22:42:30,77.0
2015-07-23T23:23:58,79.0
2015-07-23T05:53:49,68.0
2015-07-23T06:11:08,93.0
2015-07-23T06:27:38,75.0
2015-07-23T06:43:08,58.0
2015-07-23T07:37:08,42.0
2015-07-23T07:55:01,40.0
2015-07-23T08:05:08,95.0
2015-07-23T08:14:17,82.0
2015-07-23T08:27:53,31.0
2015-07-23T08:38:19,83.0
2015-07-23T08:47:37,45.0
2015-07-24T10:17:43,66.0
2015-07-24T10:25:17,92.0
2015-07-24T10:38:53,72.0
2015-07-24T10:51:22,66.0
2015-07-24T11:01:33,61.0
2015-07-24T11:15:08,75.0
2015-07-24T11:51:23,81.0
2015-07-24T12:16:31,76.0
2015-07-24T12:23:55,73.0
2015-07-24T12:40:07,76.0
2015-07-24T13:02:25,82.0
2015-07-24T13:03:55,89.0
2015-07-24T13:16:18,74.0
2015-07-24T13:38:47,59.0
2015-07-24T13:55:10,74.0
2015-07-24T14:27:48,74.0
2015-07-24T14:35:04,99.0
2015-07-24T14:47:10,96.0
2015-07-24T14:53:07,96.0
2015-07-24T15:05:07,81.0
2015-07-24T15:24:52,92.0
2015-07-24T15:39:33,92.0
2015-07-24T16:01:59,90.0
2015-07-24T16:35:14,79.0
2015-07-24T16:42:37,98.0
2015-07-24T16:48:25,70.0
2015-07-24T17:02:15,98.0
2015-07-24T17:14:10,99.0
2015-07-24T17:34:25,60.0
2015-07-24T17:53:01,85.0
2015-07-24T18:15:48,91.0
2015-07-24T18:42:37,89.0
2015-07-24T18:54:36,94.0
2015-07-24T19:06:38,96.0
2015-07-24T19:18:36,100.0
2015-07-24T19:41:00,107.0
2015-07-24T20:10:08,69.0
2015-07-24T20:39:58,65.0
2015-07-24T20:56:08,66.0
2015-07-24T21:11:26,74.0
2015-07-24T21:24:03,71.0
2015-07-24T21:43:50,93.0
2015-07-24T22:09:05,39.0
2015-07-24T22:46:38,76.0
2015-07-24T23:02:35,80.0
2015-07-24T23:23:51,93.0
2015-07-24T00:01:24,75.0
2015-07-24T00:26:24,60.0
2015-07-24T06:26:13,31.0
2015-07-24T06:43:09,34.0
2015-07-24T06:53:30,107.0
2015-07-24T07:14:32,38.0
2015-07-24T08:42:43,79.0
2015-07-24T08:14:23,81.0
2015-07-24T08:23:17,81.0
2015-07-24T08:45:44,96.0
2015-07-24T08:52:06,29.0
2015-07-24T08:59:16,90.0
2015-07-24T09:17:16,99.0
2015-07-24T09:53:11,94.0
2015-07-25T10:17:36,65.0
2015-07-25T11:10:52,32.0
2015-07-25T11:37:27,70.0
2015-07-25T12:18:58,54.0
2015-07-25T13:09:03,58.0
2015-07-25T13:39:00,79.0
2015-07-25T14:22:40,64.0
2015-07-25T15:14:05,80.0
2015-07-25T15:35:07,72.0
2015-07-25T16:20:04,75.0
2015-07-25T17:06:35,65.0
2015-07-25T17:40:06,106.0
2015-07-25T18:26:22,66.0
2015-07-25T19:11:28,29.0
2015-07-25T20:55:05,68.0
2015-07-25T23:23:45,68.0
2015-07-25T00:23:33,68.0
2015-07-25T00:42:36,90.0
2015-07-25T06:01:11,66.0
2015-07-25T06:41:24,33.0
2015-07-25T07:42:26,70.0
2015-07-25T09:31:20,75.0
2015-07-26T10:56:41,312.0
2015-07-26T12:07:36,2574.0
2015-07-26T12:08:49,89.0
2015-07-26T12:35:18,34.0
2015-07-26T12:48:50,142.0
2015-07-26T13:17:37,62.0
2015-07-26T14:05:12,75.0
2015-07-26T14:41:20,57.0
2015-07-26T14:50:02,72.0
2015-07-26T15:21:24,68.0
2015-07-26T16:05:09,64.0
2015-07-26T16:39:06,66.0
2015-07-26T16:48:51,71.0
2015-07-26T17:17:41,59.0
2015-07-26T18:05:03,66.0
2015-07-26T18:41:27,71.0
2015-07-26T18:52:34,78.0
2015-07-26T19:22:33,78.0
2015-07-26T19:55:03,63.0
2015-07-26T20:25:11,82.0
2015-07-26T21:06:11,79.0
2015-07-26T21:42:34,68.0
2015-07-26T22:11:26,75.0
2015-07-26T22:42:42,50.0
2015-07-26T05:19:51,64.0
2015-07-26T05:39:52,67.0
2015-07-26T07:03:50,168.0
2015-07-26T07:22:26,91.0
2015-07-26T08:56:59,959.0
2015-07-26T09:57:47,191.0
2015-07-26T10:10:19,257.0
2015-07-27T11:37:41,59.0
2015-07-27T13:45:13,76.0
2015-07-27T15:59:10,106.0
2015-07-27T18:05:11,33.0
2015-07-27T00:03:50,89.0
2015-07-27T00:37:37,73.0
2015-07-27T05:57:25,68.0
2015-07-27T07:37:08,38.0
2015-07-27T09:36:43,98.0
2015-07-02T01:38:52,66.0
2015-07-02T02:11:16,66.0
2015-07-02T02:40:06,22.0
2015-07-02T03:12:31,79.0
2015-07-02T03:39:01,36.0
2015-07-02T04:11:34,38.0
2015-07-02T04:38:37,71.0
2015-07-04T01:39:56,75.0
2015-07-04T02:38:28,129.0
2015-07-04T03:37:52,41.0
2015-07-04T04:38:51,84.0
2015-07-05T01:39:02,43.0
2015-07-05T02:16:17,88.0
2015-07-05T02:37:52,45.0
2015-07-05T03:12:22,61.0
2015-07-05T03:37:37,78.0
2015-07-05T04:10:07,78.0
2015-07-05T04:38:35,69.0
2015-07-07T01:37:26,82.0
2015-07-07T02:08:40,67.0
2015-07-07T02:38:59,28.0
2015-07-07T03:10:26,24.0
2015-07-07T03:39:03,68.0
2015-07-07T04:37:22,81.0
2015-07-08T01:40:00,89.0
2015-07-08T02:37:30,68.0
2015-07-08T03:38:15,72.0
2015-07-08T04:37:47,44.0
2015-07-10T01:38:41,100.0
2015-07-10T02:39:13,45.0
2015-07-10T03:38:40,101.0
2015-07-10T04:38:39,95.0
2015-07-11T01:41:43,125.0
2015-07-11T02:38:43,96.0
2015-07-11T03:37:48,43.0
2015-07-11T04:37:25,82.0
2015-07-12T02:12:50,42.0
2015-07-12T03:16:10,79.0
2015-07-12T04:10:22,43.0
2015-07-13T01:40:02,75.0
2015-07-13T02:11:07,64.0
2015-07-13T02:39:51,59.0
2015-07-13T03:10:04,60.0
2015-07-13T03:39:51,63.0
2015-07-13T04:13:39,63.0
2015-07-13T04:40:07,80.0
2015-07-14T02:08:45,43.0
2015-07-14T03:08:57,81.0
2015-07-14T04:09:59,69.0
2015-07-15T01:42:38,106.0
2015-07-15T02:10:23,44.0
2015-07-15T02:38:43,77.0
2015-07-15T03:09:55,65.0
2015-07-15T03:38:42,97.0
2015-07-15T04:10:15,20.0
2015-07-15T04:41:10,77.0
2015-07-16T01:42:40,69.0
2015-07-16T02:48:10,34.0
2015-07-16T03:45:13,81.0
2015-07-16T04:45:06,75.0
2015-07-17T01:41:18,81.0
2015-07-17T02:12:31,88.0
2015-07-17T02:44:52,66.0
2015-07-17T03:12:33,74.0
2015-07-17T03:46:06,77.0
2015-07-17T04:07:31,69.0
2015-07-17T04:47:20,63.0
2015-07-19T01:38:56,60.0
2015-07-19T02:38:47,73.0
2015-07-19T03:37:54,108.0
2015-07-19T04:41:19,77.0
2015-07-20T02:08:48,66.0
2015-07-20T03:08:51,71.0
2015-07-20T04:07:44,17.0
2015-07-21T02:11:16,22.0
2015-07-21T03:07:30,22.0
2015-07-21T04:11:13,62.0
2015-07-22T01:37:24,75.0
2015-07-22T02:12:23,71.0
2015-07-22T02:51:07,82.0
2015-07-22T03:12:26,60.0
2015-07-22T03:37:33,59.0
2015-07-22T04:10:18,36.0
2015-07-22T04:37:33,30.0
2015-07-23T01:37:42,30.0
2015-07-23T02:37:43,30.0
2015-07-23T03:37:57,47.0
2015-07-23T04:38:45,69.0
2015-07-24T01:37:47,35.0
2015-07-24T02:17:47,10.0
2015-07-24T02:37:45,94.0
2015-07-24T03:08:13,54.0
2015-07-24T03:38:13,113.0
2015-07-24T04:10:22,81.0
2015-07-24T04:39:58,67.0
2015-07-25T01:40:07,30.0
2015-07-25T02:12:40,83.0
2015-07-25T02:39:00,39.0
2015-07-25T03:13:47,69.0
2015-07-25T03:37:38,72.0
2015-07-25T04:09:50,72.0
2015-07-25T04:38:52,60.0
2015-07-26T02:12:30,73.0
2015-07-26T03:15:08,21.0
2015-07-26T04:16:32,35.0
2015-07-27T01:40:13,30.0
2015-07-27T02:40:09,143.0
2015-07-27T03:43:55,70.0
2015-07-27T04:40:18,21.0
2015-07-02T01:17:38,71.0
2015-07-05T01:13:55,73.0
2015-07-07T01:12:38,79.0
2015-07-12T01:11:36,43.0
2015-07-13T01:08:38,80.0
2015-07-14T01:09:53,60.0
2015-07-15T01:11:37,35.0
2015-07-17T01:09:53,81.0
2015-07-20T01:12:25,63.0
2015-07-21T01:10:00,8.0
2015-07-22T01:13:38,73.0
2015-07-24T01:13:52,60.0
2015-07-25T01:13:56,33.0
2015-07-26T01:12:42,84.0
2015-07-02T05:16:13,79.0
2015-07-05T05:08:42,60.0
2015-07-12T05:08:46,89.0
2015-07-13T05:12:22,81.0
2015-07-14T05:09:59,93.0
2015-07-15T05:10:21,30.0
2015-07-17T05:13:43,76.0
2015-07-20T05:11:34,95.0
2015-07-21T05:07:39,25.0
2015-07-22T05:13:45,71.0
2015-07-24T05:13:08,36.0
2015-07-25T05:15:12,30.0
2015-07-26T05:12:23,60.0
2015-08-01T10:42:43,56.0
2015-08-01T10:47:40,55.0
2015-08-01T12:37:44,1.0
2015-08-01T12:50:08,65.0
2015-08-01T14:35:07,67.0
2015-08-01T14:48:51,61.0
2015-08-01T16:35:05,65.0
2015-08-01T16:50:59,61.0
2015-08-01T18:35:07,65.0
2015-08-01T18:55:21,69.0
2015-08-01T20:22:30,70.0
2015-08-01T20:41:34,75.0
2015-08-01T22:05:14,39.0
2015-08-01T22:25:13,58.0
2015-08-01T23:22:41,55.0
2015-08-01T05:26:16,76.0
2015-08-01T05:42:47,30.0
2015-08-01T07:11:15,76.0
2015-08-01T07:21:23,65.0
2015-08-01T08:48:46,84.0
2015-08-01T09:02:43,32.0
2015-08-02T10:52:38,66.0
2015-08-02T11:06:27,20.0
2015-08-02T11:18:59,76.0
2015-08-02T11:35:06,83.0
2015-08-02T12:05:09,70.0
2015-08-02T13:08:57,62.0
2015-08-02T13:18:43,62.0
2015-08-02T13:37:37,60.0
2015-08-02T14:05:04,70.0
2015-08-02T15:20:10,69.0
2015-08-02T15:20:37,43.0
2015-08-02T15:35:08,58.0
2015-08-02T16:04:00,79.0
2015-08-02T16:50:09,44.0
2015-08-02T17:09:00,68.0
2015-08-02T17:20:00,49.0
2015-08-02T17:39:02,42.0
2015-08-02T18:04:53,68.0
2015-08-02T18:55:20,39.0
2015-08-02T19:10:15,69.0
2015-08-02T19:23:49,54.0
2015-08-02T19:53:52,69.0
2015-08-02T20:40:04,84.0
2015-08-02T20:53:54,83.0
2015-08-02T21:13:51,82.0
2015-08-02T21:57:32,92.0
2015-08-02T22:23:48,52.0
2015-08-02T22:43:44,87.0
2015-08-02T00:05:56,60.0
2015-08-02T05:42:30,67.0
2015-08-02T06:01:18,66.0
2015-08-02T07:25:20,42.0
2015-08-02T07:42:42,76.0
2015-08-02T09:16:27,30.0
2015-08-02T09:21:23,89.0
2015-08-02T09:35:10,91.0
2015-08-02T10:03:53,84.0
2015-08-03T10:15:20,83.0
2015-08-03T10:25:12,69.0
2015-08-03T11:06:21,59.0
2015-08-03T11:16:17,68.0
2015-08-03T11:26:14,80.0
2015-08-03T11:36:23,54.0
2015-08-03T11:47:38,66.0
2015-08-03T11:58:57,79.0
2015-08-03T12:12:32,65.0
2015-08-03T12:16:14,72.0
2015-08-03T12:27:40,58.0
2015-08-03T13:02:28,61.0
2015-08-03T13:22:38,73.0
2015-08-03T13:26:29,77.0
2015-08-03T13:45:03,65.0
2015-08-03T13:58:51,69.0
2015-08-03T14:02:40,56.0
2015-08-03T14:12:39,60.0
2015-08-03T14:25:07,88.0
2015-08-03T14:33:40,92.0
2015-08-03T15:12:21,67.0
2015-08-03T15:22:59,78.0
2015-08-03T15:33:35,95.0
2015-08-03T15:51:11,61.0
2015-08-03T16:05:14,93.0
2015-08-03T16:15:42,83.0
2015-08-03T16:21:30,90.0
2015-08-03T16:30:42,84.0
2015-08-03T16:44:13,76.0
2015-08-03T17:21:50,42.0
2015-08-03T17:33:45,100.0
2015-08-03T17:42:31,92.0
2015-08-03T18:03:35,83.0
2015-08-03T18:12:35,92.0
2015-08-03T18:21:39,96.0
2015-08-03T18:30:30,91.0
2015-08-03T18:39:37,79.0
2015-08-03T18:54:37,91.0
2015-08-03T19:33:30,99.0
2015-08-03T19:39:39,87.0
2015-08-03T19:51:48,43.0
2015-08-03T20:12:32,54.0
2015-08-03T20:25:08,88.0
2015-08-03T20:37:39,72.0
2015-08-03T20:55:07,67.0
2015-08-03T21:40:24,25.0
2015-08-03T21:51:15,72.0
2015-08-03T22:12:34,86.0
2015-08-03T22:22:38,68.0
2015-08-03T23:42:31,79.0
2015-08-03T00:21:06,66.0
2015-08-03T05:32:30,42.0
2015-08-03T05:53:37,92.0
2015-08-03T06:14:31,30.0
2015-08-03T06:29:17,74.0
2015-08-03T07:05:11,98.0
2015-08-03T07:14:10,73.0
2015-08-03T07:26:12,97.0
2015-08-03T07:35:13,79.0
2015-08-03T07:44:33,49.0
2015-08-03T07:55:02,30.0
2015-08-03T08:04:03,35.0
2015-08-03T08:17:20,94.0
2015-08-03T08:26:18,102.0
2015-08-03T09:06:40,96.0
2015-08-03T09:14:25,33.0
2015-08-03T09:29:01,91.0
2015-08-03T09:36:55,44.0
2015-08-03T09:45:48,37.0
2015-08-03T09:56:22,47.0
2015-08-03T10:08:55,74.0
2015-08-04T10:35:03,60.0
2015-08-04T11:38:57,77.0
2015-08-04T11:16:25,64.0
2015-08-04T11:26:15,54.0
2015-08-04T11:47:24,75.0
2015-08-04T12:36:34,53.0
2015-08-04T13:17:41,49.0
2015-08-04T13:31:21,60.0
2015-08-04T13:35:03,102.0
2015-08-04T13:58:55,61.0
2015-08-04T14:42:40,90.0
2015-08-04T15:15:32,96.0
2015-08-04T15:24:31,60.0
2015-08-04T15:32:07,100.0
2015-08-04T15:41:12,93.0
2015-08-04T16:02:29,26.0
2015-08-04T16:53:15,78.0
2015-08-04T17:24:35,83.0
2015-08-04T17:35:07,89.0
2015-08-04T17:41:13,89.0
2015-08-04T17:53:03,84.0
2015-08-04T18:13:56,92.0
2015-08-04T19:29:12,92.0
2015-08-04T19:41:05,105.0
2015-08-04T19:54:39,102.0
2015-08-04T20:10:04,66.0
2015-08-04T21:41:24,82.0
2015-08-04T21:53:54,88.0
2015-08-04T22:08:50,83.0
2015-08-04T23:43:58,92.0
2015-08-04T05:32:44,28.0
2015-08-04T06:44:19,100.0
2015-08-04T07:05:27,50.0
2015-08-04T07:15:48,102.0
2015-08-04T07:25:01,36.0
2015-08-04T07:48:34,82.0
2015-08-04T08:35:19,97.0
2015-08-04T09:09:58,55.0
2015-08-04T09:18:49,103.0
2015-08-04T09:26:10,80.0
2015-08-04T09:45:48,73.0
2015-08-05T10:13:59,92.0
2015-08-05T10:25:14,43.0
2015-08-05T10:40:08,71.0
2015-08-05T10:51:20,71.0
2015-08-05T11:37:40,61.0
2015-08-05T12:11:32,55.0
2015-08-05T12:15:03,52.0
2015-08-05T12:27:39,49.0
2015-08-05T12:33:57,72.0
2015-08-05T12:52:51,73.0
2015-08-05T13:44:04,68.0
2015-08-05T14:25:42,53.0
2015-08-05T14:35:05,62.0
2015-08-05T15:09:38,96.0
2015-08-05T15:38:10,104.0
2015-08-05T16:24:35,88.0
2015-08-05T16:55:44,79.0
2015-08-05T16:52:59,66.0
2015-08-05T17:42:48,105.0
2015-08-05T17:06:39,90.0
2015-08-05T18:38:03,75.0
2015-08-05T18:42:20,88.0
2015-08-05T18:53:18,38.0
2015-08-05T20:38:42,60.0
2015-08-05T20:53:51,71.0
2015-08-05T21:11:15,84.0
2015-08-05T22:42:40,64.0
2015-08-05T23:23:47,79.0
2015-08-05T05:53:48,57.0
2015-08-05T06:17:18,42.0
2015-08-05T06:26:48,30.0
2015-08-05T06:44:16,94.0
2015-08-05T07:35:15,76.0
2015-08-05T07:56:16,69.0
2015-08-05T08:03:48,41.0
2015-08-05T08:14:29,49.0
2015-08-05T08:28:00,30.0
2015-08-05T08:35:19,78.0
2015-08-05T08:50:15,102.0
2015-08-05T09:36:44,90.0
2015-08-05T10:52:26,60.0
2015-08-05T10:12:45,40.0
2015-08-06T10:25:18,64.0
2015-08-06T11:35:08,49.0
2015-08-06T11:39:05,84.0
2015-08-06T11:46:30,80.0
2015-08-06T12:08:51,105.0
2015-08-06T12:06:14,55.0
2015-08-06T12:25:15,69.0
2015-08-06T13:23:59,46.0
2015-08-06T13:45:15,60.0
2015-08-06T13:56:29,72.0
2015-08-06T14:08:51,75.0
2015-08-06T14:35:16,95.0
2015-08-06T15:36:08,61.0
2015-08-06T15:51:56,117.0
2015-08-06T16:03:42,97.0
2015-08-06T16:18:47,40.0
2015-08-06T16:21:36,86.0
2015-08-06T16:44:07,89.0
2015-08-06T17:44:25,103.0
2015-08-06T18:02:07,90.0
2015-08-06T18:14:14,68.0
2015-08-06T18:23:14,101.0
2015-08-06T18:31:49,90.0
2015-08-06T18:54:38,88.0
2015-08-06T19:53:02,88.0
2015-08-06T20:10:08,66.0
2015-08-06T20:27:39,67.0
2015-08-06T20:56:31,71.0
2015-08-06T21:52:37,78.0
2015-08-06T22:08:53,68.0
2015-08-06T22:22:35,69.0
2015-08-06T22:42:39,72.0
2015-08-06T23:27:29,87.0
2015-08-06T23:41:08,81.0
2015-08-06T00:20:12,36.0
2015-08-06T05:32:32,58.0
2015-08-06T05:55:22,43.0
2015-08-06T06:14:01,30.0
2015-08-06T06:27:47,78.0
2015-08-06T07:24:58,34.0
2015-08-06T07:36:51,82.0
2015-08-06T07:47:20,111.0
2015-08-06T07:56:16,89.0
2015-08-06T08:04:02,47.0
2015-08-06T08:25:07,38.0
2015-08-06T09:26:36,34.0
2015-08-06T09:36:54,109.0
2015-08-06T09:47:38,41.0
2015-08-06T09:59:13,83.0
2015-08-06T10:05:42,30.0
2015-08-07T10:41:21,63.0
2015-08-07T10:55:20,39.0
2015-08-07T11:19:04,81.0
2015-08-07T12:37:50,72.0
2015-08-07T12:56:32,68.0
2015-08-07T13:20:24,39.0
2015-08-07T13:35:13,78.0
2015-08-07T14:45:30,92.0
2015-08-07T15:07:54,65.0
2015-08-07T15:27:44,74.0
2015-08-07T15:49:33,60.0
2015-08-07T16:54:30,91.0
2015-08-07T17:11:12,87.0
2015-08-07T17:36:50,67.0
2015-08-07T17:53:03,89.0
2015-08-07T19:15:35,80.0
2015-08-07T19:42:39,97.0
2015-08-07T21:27:36,69.0
2015-08-07T21:44:04,94.0
2015-08-07T23:02:32,73.0
2015-08-07T23:33:45,60.0
2015-08-07T00:01:33,30.0
2015-08-07T00:26:26,81.0
2015-08-07T06:45:44,92.0
2015-08-07T06:54:50,103.0
2015-08-07T07:16:07,36.0
2015-08-07T08:37:06,38.0
2015-08-07T08:56:16,97.0
2015-08-07T09:20:34,42.0
2015-08-08T11:07:40,72.0
2015-08-08T11:18:58,79.0
2015-08-08T11:36:23,69.0
2015-08-08T13:07:41,70.0
2015-08-08T13:20:09,60.0
2015-08-08T13:36:28,66.0
2015-08-08T15:05:15,75.0
2015-08-08T15:22:43,64.0
2015-08-08T15:37:32,83.0
2015-08-08T17:05:14,70.0
2015-08-08T17:20:10,75.0
2015-08-08T17:37:37,63.0
2015-08-08T19:07:38,71.0
2015-08-08T19:22:39,60.0
2015-08-08T20:53:53,58.0
2015-08-08T21:07:44,74.0
2015-08-08T00:41:35,36.0
2015-08-08T05:59:56,60.0
2015-08-08T07:41:25,35.0
2015-08-08T09:17:31,71.0
2015-08-08T09:32:39,75.0
2015-08-09T10:56:26,77.0
2015-08-09T11:06:29,35.0
2015-08-09T11:20:16,83.0
2015-08-09T11:35:10,68.0
2015-08-09T12:05:10,58.0
2015-08-09T13:20:13,76.0
2015-08-09T13:07:36,59.0
2015-08-09T13:22:42,90.0
2015-08-09T13:38:53,87.0
2015-08-09T14:05:11,77.0
2015-08-09T14:51:19,39.0
2015-08-09T15:22:39,72.0
2015-08-09T15:37:42,63.0
2015-08-09T16:06:28,92.0
2015-08-09T16:50:05,67.0
2015-08-09T17:12:42,75.0
2015-08-09T17:17:32,90.0
2015-08-09T17:35:13,50.0
2015-08-09T18:05:15,79.0
2015-08-09T18:56:16,80.0
2015-08-09T19:12:36,83.0
2015-08-09T19:22:34,72.0
2015-08-09T19:53:48,82.0
2015-08-09T20:40:00,78.0
2015-08-09T21:45:01,83.0
2015-08-09T22:25:01,87.0
2015-08-09T23:25:10,28.0
2015-08-09T05:42:24,68.0
2015-08-09T06:00:32,36.0
2015-08-09T07:22:33,80.0
2015-08-09T07:42:47,38.0
2015-08-09T09:12:39,71.0
2015-08-09T09:18:50,30.0
2015-08-09T09:32:28,63.0
2015-08-09T10:05:09,81.0
2015-08-10T10:16:15,60.0
2015-08-10T10:47:44,71.0
2015-08-10T11:26:26,60.0
2015-08-10T12:15:25,74.0
2015-08-10T12:48:59,58.0
2015-08-10T13:26:30,59.0
2015-08-10T13:38:58,70.0
2015-08-10T14:22:42,61.0
2015-08-10T14:51:40,96.0
2015-08-10T15:33:41,84.0
2015-08-10T15:42:34,96.0
2015-08-10T16:30:37,89.0
2015-08-10T17:00:37,79.0
2015-08-10T17:41:24,83.0
2015-08-10T17:53:05,98.0
2015-08-10T18:41:12,89.0
2015-08-10T19:06:34,94.0
2015-08-10T19:53:22,26.0
2015-08-10T20:38:56,69.0
2015-08-10T21:07:51,60.0
2015-08-10T21:52:34,51.0
2015-08-10T22:43:48,88.0
2015-08-10T23:25:06,70.0
2015-08-10T23:43:43,78.0
2015-08-10T00:05:20,37.0
2015-08-10T05:32:26,72.0
2015-08-10T07:25:07,40.0
2015-08-10T08:16:02,35.0
2015-08-10T08:48:44,71.0
2015-08-10T09:25:16,60.0
2015-08-11T10:25:08,69.0
2015-08-11T11:06:21,68.0
2015-08-11T11:17:34,83.0
2015-08-11T11:26:25,60.0
2015-08-11T11:58:57,90.0
2015-08-11T13:07:34,110.0
2015-08-11T13:13:51,59.0
2015-08-11T13:28:42,69.0
2015-08-11T13:35:06,71.0
2015-08-11T14:02:31,72.0
2015-08-11T14:38:03,83.0
2015-08-11T15:17:07,85.0
2015-08-11T15:23:05,90.0
2015-08-11T15:32:09,96.0
2015-08-11T15:43:59,37.0
2015-08-11T16:18:33,101.0
2015-08-11T16:44:11,101.0
2015-08-11T17:23:04,74.0
2015-08-11T17:36:15,61.0
2015-08-11T17:44:04,87.0
2015-08-11T17:51:33,77.0
2015-08-11T18:31:59,83.0
2015-08-11T18:59:12,87.0
2015-08-11T19:29:04,96.0
2015-08-11T19:42:31,98.0
2015-08-11T19:53:19,32.0
2015-08-11T20:24:04,70.0
2015-08-11T20:55:12,65.0
2015-08-11T21:41:16,70.0
2015-08-11T21:51:27,36.0
2015-08-11T22:21:32,34.0
2015-08-11T23:26:17,64.0
2015-08-11T23:41:29,37.0
2015-08-11T00:22:34,69.0
2015-08-11T05:31:34,44.0
2015-08-11T06:26:09,35.0
2015-08-11T07:04:09,49.0
2015-08-11T07:15:49,82.0
2015-08-11T07:25:09,43.0
2015-08-11T07:55:11,109.0
2015-08-11T08:26:30,118.0
2015-08-11T09:05:16,70.0
2015-08-11T09:19:03,51.0
2015-08-11T09:26:13,71.0
2015-08-11T09:55:00,38.0
2015-08-12T10:27:36,139.0
2015-08-12T10:35:05,53.0
2015-08-12T10:50:17,62.0
2015-08-12T10:56:34,74.0
2015-08-12T11:07:36,87.0
2015-08-12T11:36:29,68.0
2015-08-12T11:45:11,73.0
2015-08-12T12:26:26,90.0
2015-08-12T12:38:44,79.0
2015-08-12T13:07:11,90.0
2015-08-12T13:02:47,60.0
2015-08-12T13:07:36,82.0
2015-08-12T13:43:59,72.0
2015-08-12T13:56:25,55.0
2015-08-12T14:02:42,70.0
2015-08-12T14:33:48,77.0
2015-08-12T14:42:40,76.0
2015-08-12T15:04:31,11.0
2015-08-12T15:19:57,66.0
2015-08-12T15:53:12,84.0
2015-08-12T16:03:31,92.0
2015-08-12T16:41:10,89.0
2015-08-12T16:44:12,105.0
2015-08-12T16:51:41,63.0
2015-08-12T17:11:17,89.0
2015-08-12T17:24:45,95.0
2015-08-12T18:02:08,86.0
2015-08-12T18:12:36,84.0
2015-08-12T18:23:07,98.0
2015-08-12T18:54:38,92.0
2015-08-12T19:15:32,86.0
2015-08-12T19:29:24,44.0
2015-08-12T20:09:03,76.0
2015-08-12T20:23:52,69.0
2015-08-12T20:56:19,66.0
2015-08-12T21:27:38,87.0
2015-08-12T22:08:49,68.0
2015-08-12T22:22:36,58.0
2015-08-12T22:42:42,72.0
2015-08-12T23:02:33,68.0
2015-08-12T23:23:51,71.0
2015-08-12T00:01:23,57.0
2015-08-12T05:54:58,80.0
2015-08-12T06:27:46,104.0
2015-08-12T06:45:43,86.0
2015-08-12T06:55:03,37.0
2015-08-12T07:05:19,104.0
2015-08-12T07:35:40,46.0
2015-08-12T07:47:13,85.0
2015-08-12T07:54:47,75.0
2015-08-12T08:26:16,102.0
2015-08-12T08:35:26,41.0
2015-08-12T08:47:20,66.0
2015-08-12T08:54:59,43.0
2015-08-12T09:14:21,79.0
2015-08-12T09:39:46,99.0
2015-08-12T09:47:15,78.0
2015-08-12T10:02:12,90.0
2015-08-13T10:18:00,78.0
2015-08-13T10:26:22,69.0
2015-08-13T10:56:34,80.0
2015-08-13T11:22:31,81.0
2015-08-13T11:47:40,68.0
2015-08-13T12:07:39,145.0
2015-08-13T12:16:33,79.0
2015-08-13T12:26:16,81.0
2015-08-13T12:57:43,81.0
2015-08-13T13:16:17,59.0
2015-08-13T13:56:28,52.0
2015-08-13T14:16:19,82.0
2015-08-13T14:25:06,55.0
2015-08-13T14:33:39,90.0
2015-08-13T15:03:37,74.0
2015-08-13T15:26:14,93.0
2015-08-13T16:03:43,86.0
2015-08-13T16:23:05,90.0
2015-08-13T16:35:14,92.0
2015-08-13T16:42:44,93.0
2015-08-13T17:11:21,102.0
2015-08-13T17:35:02,95.0
2015-08-13T18:12:40,96.0
2015-08-13T18:30:42,78.0
2015-08-13T18:42:36,87.0
2015-08-13T18:54:32,93.0
2015-08-13T19:14:29,51.0
2015-08-13T19:45:32,62.0
2015-08-13T20:11:29,87.0
2015-08-13T20:37:42,38.0
2015-08-13T20:55:05,82.0
2015-08-13T21:27:37,69.0
2015-08-13T21:40:01,65.0
2015-08-13T22:08:52,84.0
2015-08-13T22:46:36,32.0
2015-08-13T23:03:52,68.0
2015-08-13T23:22:39,22.0
2015-08-13T00:01:25,76.0
2015-08-13T00:23:50,67.0
2015-08-13T00:40:06,70.0
2015-08-13T06:12:44,92.0
2015-08-13T06:27:59,37.0
2015-08-13T06:54:51,38.0
2015-08-13T07:13:08,23.0
2015-08-13T07:47:20,30.0
2015-08-13T08:05:17,76.0
2015-08-13T08:17:23,106.0
2015-08-13T08:26:12,73.0
2015-08-13T08:56:17,98.0
2015-08-13T09:17:16,77.0
2015-08-13T09:48:59,107.0
2015-08-13T10:07:28,60.0
2015-08-14T10:35:02,95.0
2015-08-14T10:47:39,79.0
2015-08-14T10:57:37,59.0
2015-08-14T11:47:40,90.0
2015-08-14T11:57:36,95.0
2015-08-14T12:36:13,64.0
2015-08-14T12:56:19,70.0
2015-08-14T13:38:48,68.0
2015-08-14T13:54:55,61.0
2015-08-14T14:03:56,71.0
2015-08-14T14:44:02,84.0
2015-08-14T14:57:41,90.0
2015-08-14T15:03:39,43.0
2015-08-14T15:41:00,81.0
2015-08-14T16:06:34,89.0
2015-08-14T16:15:49,93.0
2015-08-14T16:54:42,95.0
2015-08-14T17:03:38,66.0
2015-08-14T17:11:03,85.0
2015-08-14T17:51:52,36.0
2015-08-14T18:12:35,103.0
2015-08-14T18:21:38,100.0
2015-08-14T19:07:56,92.0
2015-08-14T19:17:00,105.0
2015-08-14T20:08:49,68.0
2015-08-14T20:26:26,96.0
2015-08-14T21:08:49,69.0
2015-08-14T21:27:31,82.0
2015-08-14T22:08:48,49.0
2015-08-14T22:23:52,71.0
2015-08-14T22:43:57,65.0
2015-08-14T23:03:45,62.0
2015-08-14T00:22:40,66.0
2015-08-14T00:42:33,82.0
2015-08-14T06:44:15,47.0
2015-08-14T06:52:09,30.0
2015-08-14T07:48:43,89.0
2015-08-14T07:56:18,106.0
2015-08-14T08:35:09,82.0
2015-08-14T08:45:47,86.0
2015-08-14T08:56:38,48.0
2015-08-14T09:46:04,25.0
2015-08-14T09:58:01,44.0
2015-08-15T10:18:50,61.0
2015-08-15T10:38:47,65.0
2015-08-15T10:53:52,82.0
2015-08-15T11:05:21,87.0
2015-08-15T11:23:47,89.0
2015-08-15T11:48:50,75.0
2015-08-15T12:21:26,38.0
2015-08-15T12:40:01,64.0
2015-08-15T12:51:26,68.0
2015-08-15T13:07:44,74.0
2015-08-15T13:21:21,64.0
2015-08-15T13:48:49,81.0
2015-08-15T14:17:44,75.0
2015-08-15T14:38:20,60.0
2015-08-15T14:50:18,91.0
2015-08-15T15:16:26,41.0
2015-08-15T15:20:00,65.0
2015-08-15T15:53:46,60.0
2015-08-15T16:21:26,83.0
2015-08-15T16:36:22,81.0
2015-08-15T16:47:39,36.0
2015-08-15T17:21:14,79.0
2015-08-15T17:47:40,76.0
2015-08-15T18:25:15,67.0
2015-08-15T18:35:01,68.0
2015-08-15T18:53:55,69.0
2015-08-15T19:07:38,73.0
2015-08-15T19:23:45,70.0
2015-08-15T19:37:38,103.0
2015-08-15T20:20:17,70.0
2015-08-15T20:23:46,94.0
2015-08-15T20:38:54,78.0
2015-08-15T20:52:37,47.0
2015-08-15T21:10:00,69.0
2015-08-15T22:00:10,99.0
2015-08-15T22:07:22,54.0
2015-08-15T22:23:34,44.0
2015-08-15T23:50:22,25.0
2015-08-15T23:57:55,41.0
2015-08-15T00:21:35,35.0
2015-08-15T00:43:37,73.0
2015-08-15T05:25:00,70.0
2015-08-15T06:21:10,63.0
2015-08-15T06:42:09,86.0
2015-08-15T07:02:22,69.0
2015-08-15T08:02:45,31.0
2015-08-15T08:22:39,22.0
2015-08-15T08:50:00,75.0
2015-08-15T09:15:07,79.0
2015-08-15T09:48:51,90.0
2015-08-16T10:20:02,80.0
2015-08-16T10:57:27,60.0
2015-08-16T11:20:05,87.0
2015-08-16T11:52:04,2.0
2015-08-16T12:20:14,60.0
2015-08-16T12:52:37,70.0
2015-08-16T13:18:54,83.0
2015-08-16T13:52:48,37.0
2015-08-16T14:17:46,75.0
2015-08-16T15:22:37,75.0
2015-08-16T15:52:39,70.0
2015-08-16T16:19:06,92.0
2015-08-16T17:19:03,29.0
2015-08-16T17:48:26,31.0
2015-08-16T18:21:32,70.0
2015-08-16T19:23:20,60.0
2015-08-16T19:48:58,74.0
2015-08-16T20:10:23,42.0
2015-08-16T21:40:18,26.0
2015-08-16T21:56:30,90.0
2015-08-16T22:42:53,37.0
2015-08-16T23:17:33,81.0
2015-08-16T23:21:22,89.0
2015-08-16T23:46:21,88.0
2015-08-16T00:21:27,20.0
2015-08-16T00:57:37,39.0
2015-08-16T05:42:46,43.0
2015-08-16T06:43:46,96.0
2015-08-16T07:22:53,29.0
2015-08-16T08:25:00,73.0
2015-08-16T09:07:39,74.0
2015-08-16T09:17:35,53.0
2015-08-17T10:20:04,71.0
2015-08-17T10:40:01,63.0
2015-08-17T10:46:21,60.0
2015-08-17T10:57:28,57.0
2015-08-17T11:18:45,84.0
2015-08-17T12:17:38,60.0
2015-08-17T12:41:34,59.0
2015-08-17T12:49:06,90.0
2015-08-17T12:56:25,91.0
2015-08-17T13:21:15,64.0
2015-08-17T13:37:36,63.0
2015-08-17T14:25:06,64.0
2015-08-17T14:51:45,94.0
2015-08-17T14:53:13,37.0
2015-08-17T15:03:54,33.0
2015-08-17T15:24:30,86.0
2015-08-17T16:30:29,88.0
2015-08-17T17:17:11,35.0
2015-08-17T17:14:21,1.0
2015-08-17T17:36:38,89.0
2015-08-17T18:39:45,95.0
2015-08-17T19:05:03,100.0
2015-08-17T19:15:42,91.0
2015-08-17T19:40:03,34.0
2015-08-17T20:39:12,33.0
2015-08-17T21:08:53,70.0
2015-08-17T21:26:21,81.0
2015-08-17T21:39:00,96.0
2015-08-17T22:43:46,89.0
2015-08-17T23:02:30,68.0
2015-08-17T23:21:26,32.0
2015-08-17T00:23:55,68.0
2015-08-17T00:45:02,72.0
2015-08-17T06:45:54,36.0
2015-08-17T06:55:07,60.0
2015-08-17T07:15:44,86.0
2015-08-17T08:17:10,93.0
2015-08-17T08:38:14,85.0
2015-08-17T08:47:38,44.0
2015-08-17T08:54:44,73.0
2015-08-17T09:20:12,79.0
2015-08-18T10:47:53,45.0
2015-08-18T11:21:25,88.0
2015-08-18T12:02:47,36.0
2015-08-18T12:50:15,75.0
2015-08-18T13:17:34,87.0
2015-08-18T13:35:02,71.0
2015-08-18T14:13:45,138.0
2015-08-18T14:56:16,25.0
2015-08-18T15:24:34,88.0
2015-08-18T15:42:42,33.0
2015-08-18T16:20:23,31.0
2015-08-18T17:03:29,81.0
2015-08-18T17:33:42,87.0
2015-08-18T17:50:00,93.0
2015-08-18T18:30:32,89.0
2015-08-18T19:14:04,94.0
2015-08-18T19:42:27,91.0
2015-08-18T21:10:06,73.0
2015-08-18T21:41:22,85.0
2015-08-18T23:26:05,58.0
2015-08-18T00:21:12,62.0
2015-08-18T00:41:37,46.0
2015-08-18T06:15:42,73.0
2015-08-18T07:15:52,91.0
2015-08-18T08:06:46,81.0
2015-08-18T08:46:13,37.0
2015-08-18T09:16:02,47.0
2015-08-18T10:08:47,80.0
2015-08-19T10:15:13,81.0
2015-08-19T11:38:53,70.0
2015-08-19T11:46:32,80.0
2015-08-19T12:03:42,63.0
2015-08-19T12:20:16,230.0
2015-08-19T13:45:07,74.0
2015-08-19T13:55:10,80.0
2015-08-19T14:02:39,40.0
2015-08-19T14:22:44,71.0
2015-08-19T15:51:34,96.0
2015-08-19T16:02:10,103.0
2015-08-19T16:14:03,91.0
2015-08-19T16:32:08,91.0
2015-08-19T18:02:03,98.0
2015-08-19T18:12:39,94.0
2015-08-19T18:20:11,97.0
2015-08-19T18:39:43,101.0
2015-08-19T20:11:23,70.0
2015-08-19T20:23:50,76.0
2015-08-19T20:37:39,63.0
2015-08-19T22:10:05,85.0
2015-08-19T22:21:26,19.0
2015-08-19T22:43:50,67.0
2015-08-19T23:22:41,35.0
2015-08-19T00:22:35,77.0
2015-08-19T05:53:59,34.0
2015-08-19T07:38:17,85.0
2015-08-19T07:46:04,40.0
2015-08-19T07:57:59,41.0
2015-08-19T08:17:22,84.0
2015-08-19T09:39:47,61.0
2015-08-19T09:47:16,85.0
2015-08-19T10:01:04,41.0
2015-08-20T10:16:33,43.0
2015-08-20T11:16:24,93.0
2015-08-20T11:46:18,67.0
2015-08-20T12:16:28,68.0
2015-08-20T13:15:10,74.0
2015-08-20T13:55:13,63.0
2015-08-20T14:23:56,67.0
2015-08-20T15:27:44,86.0
2015-08-20T16:02:19,33.0
2015-08-20T16:32:05,96.0
2015-08-20T17:38:17,97.0
2015-08-20T18:12:32,95.0
2015-08-20T18:42:52,30.0
2015-08-20T19:44:11,86.0
2015-08-20T20:10:04,82.0
2015-08-20T20:40:04,76.0
2015-08-20T21:41:22,65.0
2015-08-20T22:07:49,43.0
2015-08-20T22:41:18,89.0
2015-08-20T23:22:28,66.0
2015-08-20T00:22:40,103.0
2015-08-20T07:14:42,28.0
2015-08-20T07:50:09,74.0
2015-08-20T08:17:24,86.0
2015-08-20T09:20:20,91.0
2015-08-20T09:50:09,86.0
2015-08-21T10:17:38,68.0
2015-08-21T10:47:38,69.0
2015-08-21T11:09:54,62.0
2015-08-21T11:27:35,66.0
2015-08-21T11:36:15,76.0
2015-08-21T11:45:07,75.0
2015-08-21T12:06:23,75.0
2015-08-21T12:18:57,104.0
2015-08-21T12:47:37,81.0
2015-08-21T13:05:05,91.0
2015-08-21T13:25:08,78.0
2015-08-21T13:43:54,49.0
2015-08-21T13:53:56,61.0
2015-08-21T14:12:50,70.0
2015-08-21T14:23:52,40.0
2015-08-21T14:54:42,1.0
2015-08-21T15:51:35,99.0
2015-08-21T15:33:38,89.0
2015-08-21T15:57:41,103.0
2015-08-21T16:06:26,87.0
2015-08-21T16:21:32,80.0
2015-08-21T16:33:08,60.0
2015-08-21T17:02:06,88.0
2015-08-21T17:25:32,60.0
2015-08-21T17:45:40,93.0
2015-08-21T18:03:06,60.0
2015-08-21T18:12:35,94.0
2015-08-21T18:30:32,81.0
2015-08-21T18:42:27,86.0
2015-08-21T19:03:51,31.0
2015-08-21T19:33:37,84.0
2015-08-21T19:53:08,97.0
2015-08-21T20:11:16,76.0
2015-08-21T20:37:31,71.0
2015-08-21T21:10:05,72.0
2015-08-21T21:51:20,85.0
2015-08-21T22:07:32,67.0
2015-08-21T22:42:39,57.0
2015-08-21T23:22:42,15.0
2015-08-21T23:42:35,84.0
2015-08-21T00:23:59,35.0
2015-08-21T05:33:44,74.0
2015-08-21T05:52:46,48.0
2015-08-21T06:14:17,89.0
2015-08-21T07:02:32,33.0
2015-08-21T07:26:08,86.0
2015-08-21T07:35:11,89.0
2015-08-21T07:48:42,83.0
2015-08-21T08:07:10,43.0
2015-08-21T08:17:16,91.0
2015-08-21T08:50:22,89.0
2015-08-21T09:05:22,94.0
2015-08-21T09:27:39,34.0
2015-08-21T09:36:41,84.0
2015-08-21T09:47:13,83.0
2015-08-21T10:08:55,65.0
2015-08-22T10:17:43,62.0
2015-08-22T10:53:50,81.0
2015-08-22T12:03:53,80.0
2015-08-22T12:18:58,78.0
2015-08-22T12:50:17,23.0
2015-08-22T14:17:46,43.0
2015-08-22T14:50:06,69.0
2015-08-22T16:08:54,96.0
2015-08-22T16:20:13,68.0
2015-08-22T16:50:12,82.0
2015-08-22T18:11:12,68.0
2015-08-22T18:23:55,66.0
2015-08-22T18:51:19,67.0
2015-08-22T20:08:50,54.0
2015-08-22T20:11:24,66.0
2015-08-22T20:37:37,36.0
2015-08-22T21:38:47,78.0
2015-08-22T21:54:07,33.0
2015-08-22T22:22:48,33.0
2015-08-22T22:42:33,71.0
2015-08-22T23:42:41,90.0
2015-08-22T00:19:06,36.0
2015-08-22T05:41:08,75.0
2015-08-22T06:41:23,102.0
2015-08-22T07:21:24,30.0
2015-08-22T08:21:21,76.0
2015-08-22T09:03:47,74.0
2015-08-22T10:06:23,73.0
2015-08-23T10:51:23,78.0
2015-08-23T11:08:55,109.0
2015-08-23T11:20:05,94.0
2015-08-23T11:36:18,71.0
2015-08-23T11:50:07,82.0
2015-08-23T12:51:26,90.0
2015-08-23T13:08:53,62.0
2015-08-23T13:16:33,43.0
2015-08-23T13:35:05,65.0
2015-08-23T13:47:47,86.0
2015-08-23T14:50:17,95.0
2015-08-23T15:05:07,61.0
2015-08-23T15:20:09,68.0
2015-08-23T15:38:58,74.0
2015-08-23T15:55:19,86.0
2015-08-23T16:50:13,84.0
2015-08-23T17:06:26,67.0
2015-08-23T17:20:10,76.0
2015-08-23T17:35:11,73.0
2015-08-23T17:49:00,71.0
2015-08-23T18:58:57,80.0
2015-08-23T19:11:36,84.0
2015-08-23T19:22:30,82.0
2015-08-23T20:41:23,71.0
2015-08-23T20:53:42,63.0
2015-08-23T21:31:14,76.0
2015-08-23T21:35:13,22.0
2015-08-23T22:24:01,35.0
2015-08-23T23:21:34,21.0
2015-08-23T00:17:44,29.0
2015-08-23T05:43:37,84.0
2015-08-23T06:00:13,34.0
2015-08-23T06:21:20,60.0
2015-08-23T07:22:43,34.0
2015-08-23T07:42:21,68.0
2015-08-23T08:02:35,78.0
2015-08-23T09:03:59,36.0
2015-08-23T09:17:34,77.0
2015-08-23T09:32:30,56.0
2015-08-23T09:50:20,37.0
2015-08-24T10:13:51,57.0
2015-08-24T10:26:23,70.0
2015-08-24T10:53:54,72.0
2015-08-24T11:05:09,65.0
2015-08-24T11:24:04,52.0
2015-08-24T11:46:11,65.0
2015-08-24T12:17:33,61.0
2015-08-24T12:23:55,53.0
2015-08-24T12:52:39,60.0
2015-08-24T12:55:25,90.0
2015-08-24T13:05:06,58.0
2015-08-24T13:25:13,71.0
2015-08-24T13:36:26,67.0
2015-08-24T13:55:05,75.0
2015-08-24T14:23:51,78.0
2015-08-24T14:35:14,101.0
2015-08-24T14:54:35,101.0
2015-08-24T15:03:34,93.0
2015-08-24T15:12:38,90.0
2015-08-24T15:38:03,76.0
2015-08-24T15:39:46,93.0
2015-08-24T16:06:38,82.0
2015-08-24T16:32:01,91.0
2015-08-24T16:42:37,81.0
2015-08-24T17:02:13,83.0
2015-08-24T17:14:09,82.0
2015-08-24T17:21:48,103.0
2015-08-24T17:38:02,68.0
2015-08-24T17:44:02,117.0
2015-08-24T17:50:20,90.0
2015-08-24T18:14:09,90.0
2015-08-24T18:41:01,101.0
2015-08-24T18:56:05,96.0
2015-08-24T19:03:57,34.0
2015-08-24T19:18:22,93.0
2015-08-24T19:29:07,127.0
2015-08-24T19:41:00,101.0
2015-08-24T19:53:12,38.0
2015-08-24T20:16:26,67.0
2015-08-24T20:40:12,76.0
2015-08-24T20:53:47,68.0
2015-08-24T21:09:01,85.0
2015-08-24T21:40:02,90.0
2015-08-24T21:55:15,84.0
2015-08-24T22:07:35,88.0
2015-08-24T22:45:08,58.0
2015-08-24T23:42:23,67.0
2015-08-24T00:02:53,35.0
2015-08-24T00:40:02,30.0
2015-08-24T05:31:19,71.0
2015-08-24T06:29:16,83.0
2015-08-24T06:54:46,88.0
2015-08-24T07:03:54,91.0
2015-08-24T07:26:15,86.0
2015-08-24T07:46:07,36.0
2015-08-24T08:20:13,100.0
2015-08-24T08:26:31,94.0
2015-08-24T08:54:49,112.0
2015-08-24T08:56:20,100.0
2015-08-24T09:08:17,101.0
2015-08-24T09:25:04,35.0
2015-08-24T09:44:58,41.0
2015-08-25T10:18:55,75.0
2015-08-25T10:26:19,86.0
2015-08-25T10:38:58,69.0
2015-08-25T10:50:07,65.0
2015-08-25T10:56:25,60.0
2015-08-25T11:36:28,68.0
2015-08-25T12:07:36,57.0
2015-08-25T12:15:18,98.0
2015-08-25T12:25:05,60.0
2015-08-25T12:42:51,60.0
2015-08-25T12:46:11,91.0
2015-08-25T12:55:16,78.0
2015-08-25T13:43:58,68.0
2015-08-25T14:31:53,92.0
2015-08-25T14:33:05,54.0
2015-08-25T14:35:58,53.0
2015-08-25T14:47:11,95.0
2015-08-25T14:56:03,81.0
2015-08-25T15:06:35,93.0
2015-08-25T15:57:38,90.0
2015-08-25T16:33:33,85.0
2015-08-25T16:50:06,66.0
2015-08-25T16:53:09,108.0
2015-08-25T17:03:36,77.0
2015-08-25T17:12:38,72.0
2015-08-25T18:03:34,86.0
2015-08-25T18:36:36,81.0
2015-08-25T18:42:16,60.0
2015-08-25T19:08:04,97.0
2015-08-25T19:11:10,92.0
2015-08-25T19:17:10,97.0
2015-08-25T20:38:34,84.0
2015-08-25T20:55:09,81.0
2015-08-25T21:08:45,67.0
2015-08-25T21:25:08,70.0
2015-08-25T22:42:32,85.0
2015-08-25T23:02:36,81.0
2015-08-25T23:25:18,30.0
2015-08-25T00:17:33,72.0
2015-08-25T05:53:40,61.0
2015-08-25T06:12:39,30.0
2015-08-25T06:27:57,35.0
2015-08-25T06:53:21,93.0
2015-08-25T07:35:16,93.0
2015-08-25T08:07:00,33.0
2015-08-25T08:17:17,83.0
2015-08-25T08:26:09,80.0
2015-08-25T08:41:23,90.0
2015-08-25T08:46:03,51.0
2015-08-25T09:00:53,76.0
2015-08-25T09:33:53,41.0
2015-08-25T10:06:24,80.0
2015-08-26T10:42:47,47.0
2015-08-26T11:18:58,82.0
2015-08-26T11:37:40,73.0
2015-08-26T11:47:36,66.0
2015-08-26T11:56:06,72.0
2015-08-26T12:37:43,66.0
2015-08-26T13:18:57,62.0
2015-08-26T13:35:08,80.0
2015-08-26T13:45:12,56.0
2015-08-26T13:55:10,105.0
2015-08-26T14:03:50,63.0
2015-08-26T14:50:13,94.0
2015-08-26T15:26:11,92.0
2015-08-26T15:41:22,81.0
2015-08-26T15:51:45,35.0
2015-08-26T16:03:45,87.0
2015-08-26T16:18:37,84.0
2015-08-26T16:55:58,80.0
2015-08-26T17:36:40,92.0
2015-08-26T17:52:21,44.0
2015-08-26T18:03:36,77.0
2015-08-26T18:12:43,72.0
2015-08-26T18:26:11,80.0
2015-08-26T19:44:01,91.0
2015-08-26T20:10:08,62.0
2015-08-26T20:26:12,86.0
2015-08-26T21:41:30,66.0
2015-08-26T22:08:53,60.0
2015-08-26T22:22:48,30.0
2015-08-26T22:42:38,81.0
2015-08-26T00:23:50,30.0
2015-08-26T00:41:21,69.0
2015-08-26T05:56:09,76.0
2015-08-26T06:44:41,39.0
2015-08-26T07:15:50,98.0
2015-08-26T07:36:42,99.0
2015-08-26T07:47:32,30.0
2015-08-26T07:56:14,77.0
2015-08-26T08:36:47,41.0
2015-08-26T09:26:20,36.0
2015-08-26T09:35:26,88.0
2015-08-26T09:46:00,34.0
2015-08-26T10:02:05,78.0
2015-08-27T10:17:34,70.0
2015-08-27T10:43:50,50.0
2015-08-27T11:03:52,76.0
2015-08-27T12:45:14,72.0
2015-08-27T11:57:39,53.0
2015-08-27T12:17:35,64.0
2015-08-27T12:40:12,81.0
2015-08-27T13:04:00,76.0
2015-08-27T13:53:56,71.0
2015-08-27T14:25:05,74.0
2015-08-27T14:45:23,73.0
2015-08-27T15:13:57,91.0
2015-08-27T16:03:36,78.0
2015-08-27T16:17:06,77.0
2015-08-27T16:32:13,25.0
2015-08-27T16:53:12,77.0
2015-08-27T17:21:46,92.0
2015-08-27T18:14:06,93.0
2015-08-27T18:21:35,89.0
2015-08-27T18:41:21,34.0
2015-08-27T19:40:56,89.0
2015-08-27T20:27:45,70.0
2015-08-27T20:38:46,66.0
2015-08-27T22:08:45,85.0
2015-08-27T22:26:27,39.0
2015-08-27T00:04:13,64.0
2015-08-27T00:23:49,76.0
2015-08-27T06:45:49,73.0
2015-08-27T07:03:43,91.0
2015-08-27T07:48:41,83.0
2015-08-27T07:56:16,81.0
2015-08-27T08:17:15,86.0
2015-08-27T08:38:16,98.0
2015-08-27T09:09:58,95.0
2015-08-27T09:47:09,84.0
2015-08-27T09:59:18,84.0
2015-08-28T10:50:05,79.0
2015-08-28T10:56:34,89.0
2015-08-28T11:16:11,60.0
2015-08-28T11:28:46,83.0
2015-08-28T11:46:24,94.0
2015-08-28T12:01:16,81.0
2015-08-28T12:06:22,81.0
2015-08-28T12:55:06,70.0
2015-08-28T12:56:33,75.0
2015-08-28T13:15:01,66.0
2015-08-28T13:26:16,58.0
2015-08-28T13:56:17,58.0
2015-08-28T14:07:32,84.0
2015-08-28T14:12:47,66.0
2015-08-28T14:54:07,63.0
2015-08-28T15:09:33,87.0
2015-08-28T15:29:00,90.0
2015-08-28T15:32:27,37.0
2015-08-28T16:04:54,61.0
2015-08-28T16:17:29,54.0
2015-08-28T16:21:42,78.0
2015-08-28T17:05:15,83.0
2015-08-28T17:12:40,91.0
2015-08-28T17:39:37,84.0
2015-08-28T17:44:01,92.0
2015-08-28T18:14:11,90.0
2015-08-28T18:29:21,46.0
2015-08-28T18:30:48,88.0
2015-08-28T19:06:39,86.0
2015-08-28T19:15:36,98.0
2015-08-28T19:50:02,82.0
2015-08-28T19:51:53,47.0
2015-08-28T20:12:43,82.0
2015-08-28T20:28:50,84.0
2015-08-28T21:10:07,83.0
2015-08-28T21:27:45,79.0
2015-08-28T21:41:16,73.0
2015-08-28T21:52:37,78.0
2015-08-28T22:10:12,78.0
2015-08-28T22:26:24,56.0
2015-08-28T22:42:27,65.0
2015-08-28T23:06:36,19.0
2015-08-28T23:24:50,60.0
2015-08-28T23:41:14,82.0
2015-08-28T00:07:29,72.0
2015-08-28T05:32:31,87.0
2015-08-28T06:13:00,49.0
2015-08-28T06:56:06,92.0
2015-08-28T07:17:06,75.0
2015-08-28T07:26:14,84.0
2015-08-28T07:50:09,80.0
2015-08-28T07:58:12,45.0
2015-08-28T08:06:49,37.0
2015-08-28T08:56:22,45.0
2015-08-28T09:23:12,100.0
2015-08-28T09:26:13,93.0
2015-08-28T09:47:07,83.0
2015-08-28T09:59:05,77.0
2015-08-28T10:07:38,57.0
2015-08-29T00:16:18,88.0
2015-08-29T00:21:21,74.0
2015-08-29T00:41:27,35.0
2015-08-02T02:10:22,43.0
2015-08-02T03:11:11,64.0
2015-08-02T04:11:22,33.0
2015-08-03T01:43:34,75.0
2015-08-03T02:45:05,30.0
2015-08-03T03:36:30,30.0
2015-08-03T04:41:14,74.0
2015-08-06T01:37:35,30.0
2015-08-06T02:10:00,82.0
2015-08-06T02:37:46,40.0
2015-08-06T03:08:39,71.0
2015-08-06T03:39:54,63.0
2015-08-06T04:11:22,35.0
2015-08-06T04:39:52,79.0
2015-08-07T01:37:42,34.0
2015-08-07T02:06:06,68.0
2015-08-07T02:37:29,86.0
2015-08-07T03:07:33,75.0
2015-08-07T03:38:50,68.0
2015-08-07T04:08:47,30.0
2015-08-07T04:40:06,75.0
2015-08-08T02:25:18,20.0
2015-08-08T03:28:51,56.0
2015-08-08T04:11:10,63.0
2015-08-10T02:08:53,28.0
2015-08-10T03:08:42,52.0
2015-08-10T04:10:08,22.0
2015-08-11T01:41:19,88.0
2015-08-11T02:11:22,85.0
2015-08-11T02:42:25,62.0
2015-08-11T03:10:21,26.0
2015-08-11T03:43:40,94.0
2015-08-11T04:11:12,59.0
2015-08-11T04:41:10,77.0
2015-08-12T02:13:51,24.0
2015-08-12T03:07:57,45.0
2015-08-12T04:11:34,38.0
2015-08-13T01:42:28,71.0
2015-08-13T02:12:54,37.0
2015-08-13T02:41:39,37.0
2015-08-13T03:13:51,30.0
2015-08-13T03:40:02,60.0
2015-08-13T04:11:19,30.0
2015-08-13T04:37:43,30.0
2015-08-14T01:40:17,33.0
2015-08-14T02:15:11,33.0
2015-08-14T02:40:08,70.0
2015-08-14T03:11:16,76.0
2015-08-14T03:42:47,35.0
2015-08-14T04:09:02,50.0
2015-08-14T04:41:15,72.0
2015-08-15T01:39:14,60.0
2015-08-15T02:40:19,32.0
2015-08-15T03:39:00,48.0
2015-08-15T04:38:24,54.0
2015-08-16T01:42:37,32.0
2015-08-16T02:40:16,36.0
2015-08-16T03:41:28,23.0
2015-08-16T04:38:39,74.0
2015-08-17T01:41:42,35.0
2015-08-17T02:11:30,24.0
2015-08-17T02:42:25,80.0
2015-08-17T03:07:37,17.0
2015-08-17T03:40:12,21.0
2015-08-17T04:08:56,28.0
2015-08-17T04:41:03,60.0
2015-08-18T01:42:23,71.0
2015-08-18T02:11:10,78.0
2015-08-18T02:42:31,87.0
2015-08-18T03:10:13,22.0
2015-08-18T03:41:08,67.0
2015-08-18T04:07:46,18.0
2015-08-18T04:37:23,53.0
2015-08-19T01:39:06,42.0
2015-08-19T02:09:15,37.0
2015-08-19T02:38:54,30.0
2015-08-19T03:12:41,39.0
2015-08-19T03:37:35,42.0
2015-08-19T04:12:51,35.0
2015-08-19T04:37:40,44.0
2015-08-20T01:38:29,89.0
2015-08-20T02:12:41,35.0
2015-08-20T02:38:43,30.0
2015-08-20T03:09:54,30.0
2015-08-20T03:38:44,30.0
2015-08-20T04:11:13,22.0
2015-08-20T04:39:57,88.0
2015-08-21T01:37:43,33.0
2015-08-21T02:10:16,30.0
2015-08-21T02:37:40,42.0
2015-08-21T03:10:13,41.0
2015-08-21T03:38:41,30.0
2015-08-22T01:40:11,38.0
2015-08-22T02:09:01,36.0
2015-08-22T02:38:51,33.0
2015-08-22T03:12:25,51.0
2015-08-22T03:38:48,30.0
2015-08-22T04:13:41,60.0
2015-08-22T04:38:45,30.0
2015-08-23T01:37:42,35.0
2015-08-23T02:39:56,30.0
2015-08-23T03:10:25,27.0
2015-08-23T03:36:58,69.0
2015-08-23T04:12:38,30.0
2015-08-23T04:41:04,72.0
2015-08-24T02:09:04,16.0
2015-08-24T03:10:08,80.0
2015-08-24T04:09:04,19.0
2015-08-25T01:32:26,66.0
2015-08-25T02:37:26,80.0
2015-08-25T03:36:10,78.0
2015-08-25T04:34:58,68.0
2015-08-26T01:42:23,79.0
2015-08-26T02:18:54,30.0
2015-08-26T02:43:45,73.0
2015-08-26T03:12:38,30.0
2015-08-26T03:46:08,65.0
2015-08-26T04:12:27,54.0
2015-08-26T04:39:58,71.0
2015-08-27T01:37:46,36.0
2015-08-27T02:38:37,77.0
2015-08-27T03:38:30,155.0
2015-08-27T04:42:35,99.0
2015-08-28T02:37:31,95.0
2015-08-29T01:52:36,78.0
2015-08-29T02:13:53,71.0
2015-08-29T03:12:52,19.0
2015-08-02T01:09:41,57.0
2015-08-06T01:11:14,56.0
2015-08-07T01:06:34,37.0
2015-08-08T01:11:35,28.0
2015-08-10T01:09:57,66.0
2015-08-11T01:10:09,62.0
2015-08-12T01:16:30,20.0
2015-08-13T01:16:20,30.0
2015-08-14T01:14:57,30.0
2015-08-17T01:11:18,76.0
2015-08-18T01:11:26,32.0
2015-08-19T01:16:13,22.0
2015-08-20T01:17:04,60.0
2015-08-21T01:09:01,35.0
2015-08-22T01:13:55,26.0
2015-08-23T01:11:13,42.0
2015-08-24T01:11:36,18.0
2015-08-26T01:16:24,22.0
2015-08-29T01:11:22,82.0
2015-08-02T05:10:12,32.0
2015-08-06T05:07:46,31.0
2015-08-07T05:07:22,81.0
2015-08-08T05:09:57,66.0
2015-08-10T05:08:40,65.0
2015-08-11T05:12:57,30.0
2015-08-12T05:11:41,25.0
2015-08-13T05:11:07,62.0
2015-08-14T05:14:00,31.0
2015-08-17T05:11:29,79.0
2015-08-18T05:08:49,30.0
2015-08-19T05:10:19,34.0
2015-08-20T05:12:34,29.0
2015-08-22T05:11:28,36.0
2015-08-23T05:10:01,82.0
2015-08-24T05:11:12,67.0
2015-08-26T05:15:09,30.0
2015-09-01T10:13:54,64.0
2015-09-01T10:26:15,112.0
2015-09-01T10:42:44,65.0
2015-09-01T11:38:52,67.0
2015-09-01T11:46:23,56.0
2015-09-01T12:15:29,16.0
2015-09-01T12:45:05,61.0
2015-09-01T12:57:30,85.0
2015-09-01T13:36:46,163.0
2015-09-01T13:45:10,69.0
2015-09-01T13:56:15,73.0
2015-09-01T14:23:49,58.0
2015-09-01T15:03:42,96.0
2015-09-01T14:45:51,98.0
2015-09-01T15:08:08,96.0
2015-09-01T15:51:38,82.0
2015-09-01T16:06:46,92.0
2015-09-01T16:32:01,83.0
2015-09-01T16:53:26,97.0
2015-09-01T17:12:33,72.0
2015-09-01T18:03:43,97.0
2015-09-01T18:13:59,91.0
2015-09-01T18:39:34,95.0
2015-09-01T19:05:08,99.0
2015-09-01T19:14:30,33.0
2015-09-01T20:12:34,79.0
2015-09-01T20:38:45,58.0
2015-09-01T20:56:30,80.0
2015-09-01T21:26:26,64.0
2015-09-01T22:05:08,37.0
2015-09-01T22:42:31,80.0
2015-09-01T23:07:38,80.0
2015-09-01T23:22:54,28.0
2015-09-01T05:53:52,69.0
2015-09-01T06:27:37,94.0
2015-09-01T06:44:17,81.0
2015-09-01T06:56:13,109.0
2015-09-01T07:35:14,99.0
2015-09-01T08:17:14,79.0
2015-09-01T08:24:58,37.0
2015-09-01T09:21:57,40.0
2015-09-01T09:35:19,87.0
2015-09-01T09:46:05,33.0
2015-09-02T10:16:20,79.0
2015-09-02T10:26:27,72.0
2015-09-02T11:37:42,67.0
2015-09-02T11:46:29,73.0
2015-09-02T12:13:57,48.0
2015-09-02T12:25:01,72.0
2015-09-02T13:34:01,59.0
2015-09-02T13:44:10,50.0
2015-09-02T13:55:09,57.0
2015-09-02T14:25:02,98.0
2015-09-02T14:38:23,43.0
2015-09-02T15:45:38,70.0
2015-09-02T15:56:19,91.0
2015-09-02T16:05:16,34.0
2015-09-02T16:33:39,86.0
2015-09-02T16:42:32,98.0
2015-09-02T17:54:43,88.0
2015-09-02T18:02:05,100.0
2015-09-02T18:12:48,100.0
2015-09-02T18:39:47,35.0
2015-09-02T18:53:00,93.0
2015-09-02T20:11:26,59.0
2015-09-02T20:38:39,60.0
2015-09-02T20:52:36,58.0
2015-09-02T22:08:52,68.0
2015-09-02T00:22:32,81.0
2015-09-02T00:42:55,36.0
2015-09-02T05:55:11,68.0
2015-09-02T06:28:04,32.0
2015-09-02T07:35:21,100.0
2015-09-02T08:17:15,78.0
2015-09-02T08:24:41,82.0
2015-09-02T09:38:20,80.0
2015-09-02T09:47:21,92.0
2015-09-03T10:48:57,84.0
2015-09-03T11:28:47,82.0
2015-09-03T11:45:11,61.0
2015-09-03T12:40:14,44.0
2015-09-03T13:25:13,69.0
2015-09-03T13:35:14,68.0
2015-09-03T13:56:28,59.0
2015-09-03T14:45:42,78.0
2015-09-03T15:41:19,76.0
2015-09-03T15:47:22,86.0
2015-09-03T16:06:48,73.0
2015-09-03T16:53:10,82.0
2015-09-03T17:44:11,82.0
2015-09-03T17:56:05,71.0
2015-09-03T19:54:39,67.0
2015-09-03T21:52:42,56.0
2015-09-03T23:42:41,54.0
2015-09-03T06:48:41,63.0
2015-09-03T07:48:43,78.0
2015-09-03T08:44:48,102.0
2015-09-03T09:28:06,48.0
2015-09-03T09:51:40,69.0
2015-09-04T10:22:35,69.0
2015-09-04T10:53:58,41.0
2015-09-04T11:00:11,84.0
2015-09-04T11:11:21,51.0
2015-09-04T11:39:03,101.0
2015-09-04T11:57:44,51.0
2015-09-04T12:16:32,81.0
2015-09-04T12:50:20,65.0
2015-09-04T12:57:45,76.0
2015-09-04T13:09:00,77.0
2015-09-04T13:45:09,60.0
2015-09-04T14:05:02,60.0
2015-09-04T14:24:59,60.0
2015-09-04T14:57:47,81.0
2015-09-04T15:08:14,63.0
2015-09-04T15:11:22,30.0
2015-09-04T16:03:34,61.0
2015-09-04T16:18:32,80.0
2015-09-04T16:35:04,85.0
2015-09-04T17:05:12,96.0
2015-09-04T17:11:13,94.0
2015-09-04T17:24:37,74.0
2015-09-04T18:09:25,91.0
2015-09-04T18:26:12,90.0
2015-09-04T18:40:57,75.0
2015-09-04T19:08:11,99.0
2015-09-04T19:17:20,41.0
2015-09-04T19:27:37,84.0
2015-09-04T20:23:55,71.0
2015-09-04T20:39:01,21.0
2015-09-04T21:11:27,75.0
2015-09-04T21:25:54,63.0
2015-09-04T22:22:43,73.0
2015-09-04T23:12:32,87.0
2015-09-04T23:22:29,51.0
2015-09-04T05:52:27,80.0
2015-09-04T06:54:47,30.0
2015-09-04T07:05:21,37.0
2015-09-04T07:36:50,84.0
2015-09-04T07:56:36,32.0
2015-09-04T08:30:45,78.0
2015-09-04T08:45:56,53.0
2015-09-04T09:05:16,89.0
2015-09-04T09:11:16,85.0
2015-09-04T09:38:19,77.0
2015-09-04T09:59:34,35.0
2015-09-05T10:18:45,80.0
2015-09-05T11:18:55,75.0
2015-09-05T12:18:54,80.0
2015-09-05T13:21:32,82.0
2015-09-05T14:19:59,71.0
2015-09-05T14:50:11,90.0
2015-09-05T15:18:52,76.0
2015-09-05T16:19:03,79.0
2015-09-05T16:50:10,71.0
2015-09-05T17:17:40,60.0
2015-09-05T18:22:40,78.0
2015-09-05T19:22:42,71.0
2015-09-05T20:07:44,69.0
2015-09-05T20:52:39,65.0
2015-09-05T21:10:08,71.0
2015-09-05T21:53:58,88.0
2015-09-05T22:37:49,79.0
2015-09-05T23:26:21,74.0
2015-09-05T23:42:46,72.0
2015-09-05T00:01:25,64.0
2015-09-05T00:40:18,30.0
2015-09-05T06:40:12,27.0
2015-09-05T08:23:45,74.0
2015-09-05T09:18:56,72.0
2015-09-06T10:20:09,78.0
2015-09-06T10:37:50,32.0
2015-09-06T10:51:24,81.0
2015-09-06T12:05:05,84.0
2015-09-06T12:17:41,68.0
2015-09-06T12:34:05,32.0
2015-09-06T12:53:56,67.0
2015-09-06T14:06:29,66.0
2015-09-06T14:18:52,65.0
2015-09-06T14:38:50,59.0
2015-09-06T14:50:08,53.0
2015-09-06T16:05:12,45.0
2015-09-06T16:18:59,67.0
2015-09-06T16:38:57,82.0
2015-09-06T16:49:55,64.0
2015-09-06T17:21:26,85.0
2015-09-06T18:05:12,77.0
2015-09-06T18:21:22,51.0
2015-09-06T18:36:24,81.0
2015-09-06T18:57:37,86.0
2015-09-06T19:22:41,60.0
2015-09-06T19:55:18,59.0
2015-09-06T20:10:07,63.0
2015-09-06T20:23:49,64.0
2015-09-06T20:43:46,84.0
2015-09-06T21:07:35,83.0
2015-09-06T21:40:10,89.0
2015-09-06T21:53:54,60.0
2015-09-06T22:03:56,78.0
2015-09-06T22:26:16,85.0
2015-09-06T23:47:24,71.0
2015-09-06T00:12:39,70.0
2015-09-06T05:19:01,15.0
2015-09-06T05:45:04,75.0
2015-09-06T06:42:26,79.0
2015-09-06T07:00:03,61.0
2015-09-06T07:22:51,32.0
2015-09-06T08:25:05,87.0
2015-09-06T08:42:24,77.0
2015-09-06T09:10:02,41.0
2015-09-06T10:03:54,72.0
2015-09-07T10:35:05,55.0
2015-09-07T10:51:26,62.0
2015-09-07T11:18:48,53.0
2015-09-07T12:07:38,63.0
2015-09-07T12:35:00,60.0
2015-09-07T12:50:04,60.0
2015-09-07T13:20:04,86.0
2015-09-07T14:07:52,78.0
2015-09-07T14:39:33,91.0
2015-09-07T14:50:00,100.0
2015-09-07T15:18:53,34.0
2015-09-07T16:05:13,91.0
2015-09-07T16:38:01,98.0
2015-09-07T16:50:21,35.0
2015-09-07T17:20:02,81.0
2015-09-07T18:08:06,88.0
2015-09-07T18:38:03,72.0
2015-09-07T18:57:28,82.0
2015-09-07T19:22:57,89.0
2015-09-07T19:59:06,90.0
2015-09-07T20:27:30,65.0
2015-09-07T20:42:38,25.0
2015-09-07T21:07:42,62.0
2015-09-07T21:38:50,129.0
2015-09-07T22:10:00,62.0
2015-09-07T22:24:53,60.0
2015-09-07T22:45:08,65.0
2015-09-07T23:25:17,33.0
2015-09-07T00:03:46,86.0
2015-09-07T05:22:34,46.0
2015-09-07T05:52:23,79.0
2015-09-07T07:02:24,50.0
2015-09-07T07:29:11,34.0
2015-09-07T08:45:41,89.0
2015-09-07T09:06:49,40.0
2015-09-07T09:21:41,78.0
2015-09-07T10:07:35,64.0
2015-09-08T10:26:18,60.0
2015-09-08T10:47:43,75.0
2015-09-08T10:52:29,69.0
2015-09-08T11:32:36,74.0
2015-09-08T11:30:06,82.0
2015-09-08T11:45:18,75.0
2015-09-08T12:26:20,70.0
2015-09-08T12:43:50,63.0
2015-09-08T13:12:42,70.0
2015-09-08T13:20:00,77.0
2015-09-08T13:25:05,72.0
2015-09-08T13:44:02,68.0
2015-09-08T14:44:10,96.0
2015-09-08T15:02:10,84.0
2015-09-08T15:33:39,86.0
2015-09-08T15:44:18,94.0
2015-09-08T16:02:10,36.0
2015-09-08T17:04:57,73.0
2015-09-08T17:12:46,90.0
2015-09-08T17:44:07,80.0
2015-09-08T17:54:49,32.0
2015-09-08T18:02:21,90.0
2015-09-08T19:24:38,90.0
2015-09-08T19:56:04,86.0
2015-09-08T21:51:10,73.0
2015-09-08T23:26:50,33.0
2015-09-08T23:39:56,73.0
2015-09-08T00:03:52,68.0
2015-09-08T00:21:12,67.0
2015-09-08T05:31:22,86.0
2015-09-08T05:52:29,68.0
2015-09-08T06:27:46,86.0
2015-09-08T06:46:09,38.0
2015-09-08T07:02:11,34.0
2015-09-08T07:24:52,87.0
2015-09-08T07:35:20,70.0
2015-09-08T08:28:04,42.0
2015-09-08T08:50:08,88.0
2015-09-08T09:00:39,81.0
2015-09-08T09:08:15,85.0
2015-09-08T10:02:10,95.0
2015-09-08T09:41:43,40.0
2015-09-09T10:25:09,68.0
2015-09-09T10:55:07,59.0
2015-09-09T11:03:09,2.0
2015-09-09T11:46:33,77.0
2015-09-09T12:26:52,50.0
2015-09-09T12:25:07,58.0
2015-09-09T12:54:01,52.0
2015-09-09T12:57:36,45.0
2015-09-09T13:35:08,64.0
2015-09-09T13:55:11,71.0
2015-09-09T14:36:32,76.0
2015-09-09T14:45:37,13.0
2015-09-09T15:05:04,92.0
2015-09-09T15:44:09,88.0
2015-09-09T16:02:07,81.0
2015-09-09T16:21:50,74.0
2015-09-09T16:44:08,79.0
2015-09-09T16:54:35,101.0
2015-09-09T17:14:04,99.0
2015-09-09T17:54:27,85.0
2015-09-09T18:12:36,92.0
2015-09-09T18:24:44,94.0
2015-09-09T18:53:08,97.0
2015-09-09T19:17:06,92.0
2015-09-09T20:10:05,77.0
2015-09-09T20:52:37,66.0
2015-09-09T21:29:59,220.0
2015-09-09T22:10:01,85.0
2015-09-09T22:23:59,91.0
2015-09-09T23:05:18,30.0
2015-09-09T06:17:21,98.0
2015-09-09T06:27:54,30.0
2015-09-09T06:45:54,94.0
2015-09-09T06:55:08,32.0
2015-09-09T07:53:21,88.0
2015-09-09T08:11:21,98.0
2015-09-09T08:33:43,81.0
2015-09-09T08:47:19,86.0
2015-09-09T09:14:16,100.0
2015-09-09T10:36:33,60.0
2015-09-10T10:25:03,73.0
2015-09-10T10:56:29,87.0
2015-09-10T10:56:30,84.0
2015-09-10T11:16:17,128.0
2015-09-10T11:48:55,82.0
2015-09-10T12:06:35,83.0
2015-09-10T12:25:13,103.0
2015-09-10T12:47:42,85.0
2015-09-10T12:56:28,76.0
2015-09-10T13:16:24,52.0
2015-09-10T13:57:41,52.0
2015-09-10T14:35:23,36.0
2015-09-10T14:54:39,91.0
2015-09-10T15:04:00,34.0
2015-09-10T15:26:11,79.0
2015-09-10T16:03:37,86.0
2015-09-10T16:44:11,93.0
2015-09-10T17:40:59,86.0
2015-09-10T17:08:07,84.0
2015-09-10T17:36:38,77.0
2015-09-10T18:13:47,60.0
2015-09-10T18:53:07,89.0
2015-09-10T19:20:11,71.0
2015-09-10T20:11:20,73.0
2015-09-10T20:56:20,82.0
2015-09-10T21:16:24,63.0
2015-09-10T21:47:37,74.0
2015-09-10T22:09:00,57.0
2015-09-10T22:42:36,82.0
2015-09-10T23:03:52,79.0
2015-09-10T00:05:18,88.0
2015-09-10T00:41:22,30.0
2015-09-10T06:27:43,32.0
2015-09-10T06:52:07,32.0
2015-09-10T07:14:12,87.0
2015-09-10T07:48:46,80.0
2015-09-10T08:29:12,83.0
2015-09-10T09:08:23,37.0
2015-09-10T09:15:41,71.0
2015-09-10T09:16:04,35.0
2015-09-10T09:50:12,68.0
2015-09-10T10:07:48,82.0
2015-09-11T10:25:00,46.0
2015-09-11T11:23:55,92.0
2015-09-11T10:50:10,55.0
2015-09-11T11:07:43,85.0
2015-09-11T11:38:56,51.0
2015-09-11T11:47:40,39.0
2015-09-11T12:00:03,64.0
2015-09-11T12:14:03,114.0
2015-09-11T12:43:52,74.0
2015-09-11T13:00:20,87.0
2015-09-11T13:12:40,58.0
2015-09-11T13:47:43,60.0
2015-09-11T13:56:31,76.0
2015-09-11T14:06:26,59.0
2015-09-11T14:26:31,66.0
2015-09-11T14:57:49,64.0
2015-09-11T15:42:50,78.0
2015-09-11T15:57:39,96.0
2015-09-11T16:09:06,60.0
2015-09-11T16:20:11,81.0
2015-09-11T16:35:18,81.0
2015-09-11T16:56:15,73.0
2015-09-11T17:08:02,62.0
2015-09-11T17:36:41,62.0
2015-09-11T18:15:36,12.0
2015-09-11T18:28:34,60.0
2015-09-11T18:42:51,86.0
2015-09-11T19:38:09,60.0
2015-09-11T19:42:44,97.0
2015-09-11T20:18:53,69.0
2015-09-11T20:27:34,82.0
2015-09-11T20:38:56,81.0
2015-09-11T21:43:54,131.0
2015-09-11T21:22:37,74.0
2015-09-11T22:08:59,80.0
2015-09-11T22:22:39,81.0
2015-09-11T23:02:30,71.0
2015-09-11T00:26:21,70.0
2015-09-11T00:40:22,30.0
2015-09-11T05:55:10,30.0
2015-09-11T06:43:02,36.0
2015-09-11T07:50:17,69.0
2015-09-11T08:24:47,95.0
2015-09-11T07:56:16,83.0
2015-09-11T09:03:51,78.0
2015-09-11T09:11:17,83.0
2015-09-11T09:35:17,91.0
2015-09-11T09:53:12,82.0
2015-09-11T10:03:29,85.0
2015-09-12T10:52:48,88.0
2015-09-12T11:04:00,34.0
2015-09-12T11:32:39,85.0
2015-09-12T11:51:27,78.0
2015-09-12T12:06:29,72.0
2015-09-12T12:48:48,60.0
2015-09-12T13:06:37,35.0
2015-09-12T13:37:40,60.0
2015-09-12T13:48:51,74.0
2015-09-12T14:05:04,61.0
2015-09-12T15:05:08,62.0
2015-09-12T15:37:38,51.0
2015-09-12T15:50:21,91.0
2015-09-12T16:07:41,107.0
2015-09-12T16:47:45,82.0
2015-09-12T17:07:38,39.0
2015-09-12T17:41:25,77.0
2015-09-12T17:48:59,64.0
2015-09-12T18:05:16,76.0
2015-09-12T18:57:42,58.0
2015-09-12T19:06:23,64.0
2015-09-12T19:47:32,65.0
2015-09-12T19:56:42,24.0
2015-09-12T20:40:03,74.0
2015-09-12T20:53:52,77.0
2015-09-12T21:40:18,67.0
2015-09-12T22:25:04,71.0
2015-09-12T22:42:49,43.0
2015-09-12T23:12:41,73.0
2015-09-12T00:11:20,61.0
2015-09-12T00:40:26,39.0
2015-09-12T05:42:36,68.0
2015-09-12T06:01:18,74.0
2015-09-12T06:21:31,44.0
2015-09-12T07:25:07,90.0
2015-09-12T07:41:34,38.0
2015-09-12T08:01:17,65.0
2015-09-12T09:11:30,94.0
2015-09-12T09:32:30,89.0
2015-09-12T09:48:48,69.0
2015-09-12T10:05:17,74.0
2015-09-13T10:21:22,85.0
2015-09-13T10:50:03,78.0
2015-09-13T12:07:33,84.0
2015-09-13T12:25:16,94.0
2015-09-13T12:53:49,77.0
2015-09-13T14:09:02,77.0
2015-09-13T14:20:04,70.0
2015-09-13T14:52:48,49.0
2015-09-13T16:07:36,90.0
2015-09-13T16:20:11,75.0
2015-09-13T16:41:27,48.0
2015-09-13T18:06:21,71.0
2015-09-13T18:21:19,88.0
2015-09-13T18:55:05,70.0
2015-09-13T19:55:06,52.0
2015-09-13T20:10:02,74.0
2015-09-13T20:41:17,92.0
2015-09-13T21:38:46,81.0
2015-09-13T21:55:00,67.0
2015-09-13T22:23:53,33.0
2015-09-13T22:42:37,77.0
2015-09-13T23:22:48,33.0
2015-09-13T23:43:37,70.0
2015-09-13T00:06:22,63.0
2015-09-13T00:21:23,35.0
2015-09-13T00:50:20,87.0
2015-09-13T05:44:56,79.0
2015-09-13T06:44:56,81.0
2015-09-13T07:22:34,46.0
2015-09-13T08:23:46,69.0
2015-09-13T09:03:42,76.0
2015-09-13T10:05:06,76.0
2015-09-14T10:28:53,139.0
2015-09-14T11:51:37,79.0
2015-09-14T12:26:31,35.0
2015-09-14T13:38:58,64.0
2015-09-14T14:04:05,33.0
2015-09-14T14:36:44,75.0
2015-09-14T15:45:49,71.0
2015-09-14T16:08:06,89.0
2015-09-14T16:47:15,98.0
2015-09-14T17:53:10,90.0
2015-09-14T18:15:27,89.0
2015-09-14T18:53:04,92.0
2015-09-14T20:10:05,71.0
2015-09-14T20:56:19,72.0
2015-09-14T22:08:48,50.0
2015-09-14T00:02:23,71.0
2015-09-14T00:25:02,31.0
2015-09-14T06:27:44,30.0
2015-09-14T07:44:37,33.0
2015-09-14T08:28:09,36.0
2015-09-14T09:47:12,104.0
2015-09-15T10:17:25,60.0
2015-09-15T11:12:34,74.0
2015-09-15T11:26:21,75.0
2015-09-15T11:37:42,69.0
2015-09-15T11:55:07,70.0
2015-09-15T12:16:31,69.0
2015-09-15T13:07:34,70.0
2015-09-15T13:26:19,60.0
2015-09-15T13:44:00,83.0
2015-09-15T14:01:16,107.0
2015-09-15T14:23:50,62.0
2015-09-15T15:09:31,94.0
2015-09-15T15:32:15,91.0
2015-09-15T16:00:10,57.0
2015-09-15T16:17:06,91.0
2015-09-15T16:33:36,68.0
2015-09-15T17:24:36,87.0
2015-09-15T17:45:39,109.0
2015-09-15T18:03:44,83.0
2015-09-15T18:22:01,22.0
2015-09-15T19:30:50,34.0
2015-09-15T19:54:33,86.0
2015-09-15T20:24:08,85.0
2015-09-15T20:41:22,75.0
2015-09-15T21:51:21,59.0
2015-09-15T22:22:37,77.0
2015-09-15T23:42:44,78.0
2015-09-15T05:33:54,30.0
2015-09-15T05:53:54,69.0
2015-09-15T07:06:51,96.0
2015-09-15T07:26:15,87.0
2015-09-15T07:35:19,77.0
2015-09-15T07:55:05,37.0
2015-09-15T08:17:13,68.0
2015-09-15T09:22:08,41.0
2015-09-15T09:26:30,50.0
2015-09-15T09:38:18,82.0
2015-09-15T09:57:42,79.0
2015-09-16T10:35:09,69.0
2015-09-16T11:09:51,64.0
2015-09-16T11:55:23,31.0
2015-09-16T12:36:25,74.0
2015-09-16T12:52:46,70.0
2015-09-16T13:00:12,65.0
2015-09-16T13:11:22,70.0
2015-09-16T13:36:21,74.0
2015-09-16T14:03:52,75.0
2015-09-16T14:44:59,58.0
2015-09-16T14:55:31,60.0
2015-09-16T15:06:46,80.0
2015-09-16T15:14:06,93.0
2015-09-16T15:41:10,78.0
2015-09-16T16:17:17,82.0
2015-09-16T16:53:07,83.0
2015-09-16T17:06:55,97.0
2015-09-16T17:12:37,66.0
2015-09-16T17:21:46,90.0
2015-09-16T17:52:20,55.0
2015-09-16T18:23:24,101.0
2015-09-16T19:09:40,89.0
2015-09-16T19:17:12,99.0
2015-09-16T19:29:21,110.0
2015-09-16T20:23:52,71.0
2015-09-16T21:13:47,60.0
2015-09-16T21:25:10,69.0
2015-09-16T22:22:37,78.0
2015-09-16T22:42:37,66.0
2015-09-16T23:07:37,75.0
2015-09-16T00:01:32,44.0
2015-09-16T06:42:48,84.0
2015-09-16T06:54:50,85.0
2015-09-16T07:26:29,90.0
2015-09-16T07:57:42,84.0
2015-09-16T08:35:31,50.0
2015-09-16T08:50:09,83.0
2015-09-16T09:05:21,79.0
2015-09-16T09:11:37,109.0
2015-09-16T10:06:22,85.0
2015-09-17T10:16:16,68.0
2015-09-17T10:26:17,71.0
2015-09-17T10:47:47,65.0
2015-09-17T10:54:53,81.0
2015-09-17T11:08:50,77.0
2015-09-17T11:38:47,70.0
2015-09-17T12:17:31,83.0
2015-09-17T12:26:17,73.0
2015-09-17T12:42:38,71.0
2015-09-17T12:46:28,74.0
2015-09-17T13:03:53,76.0
2015-09-17T13:05:12,108.0
2015-09-17T13:38:51,59.0
2015-09-17T13:45:09,71.0
2015-09-17T14:05:06,60.0
2015-09-17T14:24:01,78.0
2015-09-17T14:36:39,36.0
2015-09-17T14:44:04,104.0
2015-09-17T14:53:03,95.0
2015-09-17T15:07:52,81.0
2015-09-17T15:14:05,99.0
2015-09-17T15:41:18,95.0
2015-09-17T15:51:51,32.0
2015-09-17T16:19:52,64.0
2015-09-17T16:35:02,101.0
2015-09-17T16:43:51,78.0
2015-09-17T17:03:15,60.0
2015-09-17T17:18:36,63.0
2015-09-17T17:26:10,80.0
2015-09-17T17:54:36,82.0
2015-09-17T18:02:06,97.0
2015-09-17T18:23:04,83.0
2015-09-17T18:47:01,96.0
2015-09-17T18:52:58,94.0
2015-09-17T19:12:36,94.0
2015-09-17T19:18:40,84.0
2015-09-17T19:30:38,107.0
2015-09-17T20:24:58,68.0
2015-09-17T20:41:31,35.0
2015-09-17T20:52:34,76.0
2015-09-17T21:12:23,74.0
2015-09-17T21:31:16,48.0
2015-09-17T22:22:28,79.0
2015-09-17T22:43:48,89.0
2015-09-17T23:05:00,74.0
2015-09-17T23:23:44,71.0
2015-09-17T00:02:41,71.0
2015-09-17T00:23:50,30.0
2015-09-17T05:56:20,87.0
2015-09-17T06:26:22,33.0
2015-09-17T06:44:36,40.0
2015-09-17T07:03:54,90.0
2015-09-17T07:38:19,104.0
2015-09-17T08:00:41,94.0
2015-09-17T08:15:51,81.0
2015-09-17T08:27:52,32.0
2015-09-17T08:45:47,76.0
2015-09-17T09:31:06,38.0
2015-09-17T09:15:46,81.0
2015-09-17T09:36:44,97.0
2015-09-17T09:56:13,81.0
2015-09-18T10:58:53,86.0
2015-09-18T11:10:04,36.0
2015-09-18T11:45:12,63.0
2015-09-18T12:07:37,90.0
2015-09-18T12:57:47,90.0
2015-09-18T13:07:35,36.0
2015-09-18T13:37:37,76.0
2015-09-18T13:54:02,59.0
2015-09-18T14:12:39,67.0
2015-09-18T15:06:28,65.0
2015-09-18T15:18:56,33.0
2015-09-18T15:43:01,23.0
2015-09-18T16:06:07,60.0
2015-09-18T16:20:05,86.0
2015-09-18T17:14:05,92.0
2015-09-18T17:24:31,94.0
2015-09-18T17:53:17,95.0
2015-09-18T18:11:52,60.0
2015-09-18T18:30:35,81.0
2015-09-18T19:17:07,96.0
2015-09-18T19:29:03,91.0
2015-09-18T20:11:31,32.0
2015-09-18T21:24:10,29.0
2015-09-18T22:08:46,77.0
2015-09-18T22:42:40,73.0
2015-09-18T23:02:38,70.0
2015-09-18T00:01:10,60.0
2015-09-18T00:21:10,57.0
2015-09-18T00:45:12,30.0
2015-09-18T06:53:42,60.0
2015-09-18T07:05:12,82.0
2015-09-18T07:48:40,80.0
2015-09-18T08:06:45,92.0
2015-09-18T08:57:39,100.0
2015-09-18T09:36:44,104.0
2015-09-18T09:48:59,35.0
2015-09-18T10:06:21,79.0
2015-09-19T10:21:26,66.0
2015-09-19T12:21:31,72.0
2015-09-19T14:19:01,98.0
2015-09-19T15:23:10,41.0
2015-09-19T16:21:35,119.0
2015-09-19T18:20:20,72.0
2015-09-19T19:28:59,82.0
2015-09-19T21:09:08,27.0
2015-09-19T22:42:42,68.0
2015-09-19T23:25:12,90.0
2015-09-19T00:22:39,74.0
2015-09-19T00:37:51,34.0
2015-09-19T06:42:41,80.0
2015-09-19T08:26:21,61.0
2015-09-20T10:20:10,78.0
2015-09-20T10:37:46,84.0
2015-09-20T10:50:24,106.0
2015-09-20T11:17:40,67.0
2015-09-20T11:49:55,60.0
2015-09-20T12:17:41,72.0
2015-09-20T12:34:57,68.0
2015-09-20T12:50:07,78.0
2015-09-20T13:19:05,86.0
2015-09-20T13:47:43,80.0
2015-09-20T14:18:54,90.0
2015-09-20T14:35:13,78.0
2015-09-20T14:50:05,94.0
2015-09-20T15:47:46,63.0
2015-09-20T16:20:18,82.0
2015-09-20T16:48:42,61.0
2015-09-20T17:50:26,86.0
2015-09-20T18:23:54,75.0
2015-09-20T18:52:49,76.0
2015-09-20T19:40:02,80.0
2015-09-20T20:10:05,66.0
2015-09-20T20:46:22,66.0
2015-09-20T21:26:28,80.0
2015-09-20T21:53:52,52.0
2015-09-20T22:30:01,70.0
2015-09-20T22:42:31,79.0
2015-09-20T23:00:23,34.0
2015-09-20T23:43:59,31.0
2015-09-20T00:23:40,81.0
2015-09-20T05:22:54,29.0
2015-09-20T05:44:05,49.0
2015-09-20T06:21:15,78.0
2015-09-20T06:42:41,81.0
2015-09-20T07:01:24,27.0
2015-09-20T07:22:34,74.0
2015-09-20T08:01:28,38.0
2015-09-20T08:22:38,81.0
2015-09-20T08:46:23,33.0
2015-09-20T09:02:54,32.0
2015-09-20T09:21:22,69.0
2015-09-20T09:48:54,84.0
2015-09-21T10:26:34,76.0
2015-09-21T10:43:55,85.0
2015-09-21T11:07:44,74.0
2015-09-21T11:25:00,65.0
2015-09-21T12:24:10,47.0
2015-09-21T13:23:51,53.0
2015-09-21T13:06:18,127.0
2015-09-21T13:26:20,69.0
2015-09-21T14:36:39,90.0
2015-09-21T14:53:04,92.0
2015-09-21T15:17:15,72.0
2015-09-21T15:30:44,76.0
2015-09-21T16:42:55,73.0
2015-09-21T17:03:30,115.0
2015-09-21T17:25:55,77.0
2015-09-21T17:44:19,64.0
2015-09-21T18:53:23,87.0
2015-09-21T19:06:32,66.0
2015-09-21T19:29:08,77.0
2015-09-21T19:54:38,149.0
2015-09-21T20:53:55,86.0
2015-09-21T21:06:16,46.0
2015-09-21T21:52:37,81.0
2015-09-21T23:22:34,71.0
2015-09-21T23:41:23,68.0
2015-09-21T00:08:38,78.0
2015-09-21T00:19:47,30.0
2015-09-21T00:42:26,81.0
2015-09-21T05:33:43,80.0
2015-09-21T06:26:41,37.0
2015-09-21T07:05:19,86.0
2015-09-21T07:30:54,30.0
2015-09-21T08:28:13,34.0
2015-09-21T08:47:09,96.0
2015-09-21T09:08:21,88.0
2015-09-21T09:26:11,86.0
2015-09-22T10:15:08,53.0
2015-09-22T10:27:45,63.0
2015-09-22T11:30:05,75.0
2015-09-22T11:36:26,77.0
2015-09-22T11:48:49,49.0
2015-09-22T12:02:36,70.0
2015-09-22T12:09:09,27.0
2015-09-22T12:16:33,74.0
2015-09-22T12:25:15,126.0
2015-09-22T13:26:26,78.0
2015-09-22T13:35:05,76.0
2015-09-22T13:47:47,62.0
2015-09-22T14:00:05,56.0
2015-09-22T14:02:32,64.0
2015-09-22T14:12:43,70.0
2015-09-22T14:25:10,77.0
2015-09-22T14:36:40,101.0
2015-09-22T15:33:36,79.0
2015-09-22T15:42:35,84.0
2015-09-22T15:54:31,64.0
2015-09-22T16:03:29,86.0
2015-09-22T16:18:28,60.0
2015-09-22T16:23:03,83.0
2015-09-22T16:33:40,41.0
2015-09-22T16:44:07,86.0
2015-09-22T17:47:00,97.0
2015-09-22T17:54:35,94.0
2015-09-22T18:05:12,88.0
2015-09-22T18:13:52,96.0
2015-09-22T18:21:44,95.0
2015-09-22T18:32:02,89.0
2015-09-22T18:41:09,89.0
2015-09-22T19:17:11,104.0
2015-09-22T19:54:32,99.0
2015-09-22T20:11:13,85.0
2015-09-22T20:26:18,86.0
2015-09-22T20:37:32,60.0
2015-09-22T21:07:36,70.0
2015-09-22T21:52:34,76.0
2015-09-22T22:07:31,62.0
2015-09-22T22:22:34,72.0
2015-09-22T23:26:02,60.0
2015-09-22T23:42:35,75.0
2015-09-22T05:32:32,59.0
2015-09-22T06:17:25,30.0
2015-09-22T06:28:05,39.0
2015-09-22T07:24:56,35.0
2015-09-22T07:45:55,29.0
2015-09-22T07:54:51,40.0
2015-09-22T08:15:48,34.0
2015-09-22T08:18:52,76.0
2015-09-22T08:33:49,76.0
2015-09-22T09:26:14,77.0
2015-09-22T09:44:10,80.0
2015-09-22T10:03:33,86.0
2015-09-22T10:11:24,81.0
2015-09-23T10:23:58,38.0
2015-09-23T10:43:59,70.0
2015-09-23T10:56:20,87.0
2015-09-23T11:17:42,83.0
2015-09-23T11:46:21,66.0
2015-09-23T11:47:35,57.0
2015-09-23T11:55:08,63.0
2015-09-23T12:07:36,78.0
2015-09-23T12:30:00,40.0
2015-09-23T12:38:52,51.0
2015-09-23T12:57:29,60.0
2015-09-23T13:16:26,69.0
2015-09-23T13:42:34,82.0
2015-09-23T13:55:07,66.0
2015-09-23T14:02:45,84.0
2015-09-23T14:12:44,70.0
2015-09-23T14:36:32,89.0
2015-09-23T14:45:37,90.0
2015-09-23T15:09:06,60.0
2015-09-23T15:26:06,89.0
2015-09-23T16:00:47,108.0
2015-09-23T16:02:05,63.0
2015-09-23T16:14:02,90.0
2015-09-23T16:23:04,80.0
2015-09-23T16:44:12,50.0
2015-09-23T16:54:39,86.0
2015-09-23T17:12:14,60.0
2015-09-23T17:33:45,100.0
2015-09-23T18:03:42,93.0
2015-09-23T18:14:01,92.0
2015-09-23T18:23:00,91.0
2015-09-23T18:30:56,48.0
2015-09-23T18:52:31,60.0
2015-09-23T19:15:39,89.0
2015-09-23T19:44:10,86.0
2015-09-23T20:11:15,73.0
2015-09-23T20:22:41,76.0
2015-09-23T20:53:51,75.0
2015-09-23T21:26:21,73.0
2015-09-23T21:41:21,86.0
2015-09-23T22:08:47,80.0
2015-09-23T22:21:31,30.0
2015-09-23T22:42:36,54.0
2015-09-23T23:06:20,91.0
2015-09-23T05:56:16,69.0
2015-09-23T06:14:19,105.0
2015-09-23T06:26:17,42.0
2015-09-23T06:44:18,102.0
2015-09-23T06:55:47,60.0
2015-09-23T07:14:17,78.0
2015-09-23T07:37:54,60.0
2015-09-23T07:48:44,81.0
2015-09-23T07:54:47,86.0
2015-09-23T08:05:16,91.0
2015-09-23T08:25:44,56.0
2015-09-23T08:35:20,44.0
2015-09-23T09:04:04,30.0
2015-09-23T09:24:47,61.0
2015-09-23T09:39:43,69.0
2015-09-23T09:50:09,75.0
2015-09-23T09:59:23,46.0
2015-09-23T10:04:47,85.0
2015-09-24T10:52:35,84.0
2015-09-24T10:54:52,91.0
2015-09-24T11:26:16,86.0
2015-09-24T11:46:30,77.0
2015-09-24T12:06:22,66.0
2015-09-24T12:07:48,38.0
2015-09-24T12:58:58,88.0
2015-09-24T13:25:09,66.0
2015-09-24T13:55:04,123.0
2015-09-24T14:04:57,62.0
2015-09-24T14:12:42,77.0
2015-09-24T14:54:41,85.0
2015-09-24T15:06:33,86.0
2015-09-24T15:32:09,81.0
2015-09-24T16:02:11,81.0
2015-09-24T16:15:38,76.0
2015-09-24T16:21:36,88.0
2015-09-24T17:00:44,74.0
2015-09-24T17:12:35,75.0
2015-09-24T17:44:09,85.0
2015-09-24T18:12:01,61.0
2015-09-24T18:21:50,83.0
2015-09-24T18:32:14,91.0
2015-09-24T19:08:05,88.0
2015-09-24T19:18:37,82.0
2015-09-24T19:54:31,95.0
2015-09-24T20:08:49,71.0
2015-09-24T20:23:58,69.0
2015-09-24T21:07:38,60.0
2015-09-24T21:25:00,72.0
2015-09-24T21:55:03,59.0
2015-09-24T22:08:50,67.0
2015-09-24T22:22:40,65.0
2015-09-24T23:08:48,68.0
2015-09-24T23:41:16,86.0
2015-09-24T00:01:18,70.0
2015-09-24T00:26:20,83.0
2015-09-24T00:41:33,90.0
2015-09-24T05:32:32,76.0
2015-09-24T06:14:06,76.0
2015-09-24T06:54:41,95.0
2015-09-24T07:24:58,32.0
2015-09-24T07:47:30,22.0
2015-09-24T07:56:17,95.0
2015-09-24T08:08:17,80.0
2015-09-24T08:53:18,105.0
2015-09-24T09:06:41,107.0
2015-09-24T09:26:12,79.0
2015-09-24T09:50:25,30.0
2015-09-24T09:59:19,83.0
2015-09-24T10:07:36,64.0
2015-09-25T10:17:49,74.0
2015-09-25T10:25:13,62.0
2015-09-25T10:43:48,68.0
2015-09-25T10:47:40,30.0
2015-09-25T10:58:47,54.0
2015-09-25T11:27:38,69.0
2015-09-25T11:37:46,66.0
2015-09-25T11:47:40,67.0
2015-09-25T12:06:26,71.0
2015-09-25T12:16:24,58.0
2015-09-25T12:28:54,87.0
2015-09-25T12:45:14,57.0
2015-09-25T12:51:09,71.0
2015-09-25T12:59:57,64.0
2015-09-25T13:27:40,70.0
2015-09-25T13:45:06,100.0
2015-09-25T13:56:33,82.0
2015-09-25T14:13:53,70.0
2015-09-25T14:25:18,91.0
2015-09-25T14:38:07,79.0
2015-09-25T14:48:48,92.0
2015-09-25T14:50:40,45.0
2015-09-25T15:05:18,38.0
2015-09-25T15:32:02,74.0
2015-09-25T15:53:01,60.0
2015-09-25T16:09:40,76.0
2015-09-25T16:25:08,34.0
2015-09-25T16:33:45,81.0
2015-09-25T16:45:45,82.0
2015-09-25T16:54:28,60.0
2015-09-25T17:08:01,93.0
2015-09-25T17:15:45,94.0
2015-09-25T17:42:31,89.0
2015-09-25T18:02:03,82.0
2015-09-25T18:17:14,85.0
2015-09-25T18:32:05,91.0
2015-09-25T18:40:07,38.0
2015-09-25T18:54:25,72.0
2015-09-25T19:37:58,60.0
2015-09-25T19:12:39,94.0
2015-09-25T19:56:00,74.0
2015-09-25T20:15:13,58.0
2015-09-25T20:40:07,74.0
2015-09-25T20:54:00,40.0
2015-09-25T21:27:46,79.0
2015-09-25T21:52:42,78.0
2015-09-25T22:11:22,66.0
2015-09-25T23:07:38,82.0
2015-09-25T23:28:43,73.0
2015-09-25T23:41:07,77.0
2015-09-25T00:02:34,75.0
2015-09-25T05:33:45,79.0
2015-09-25T05:53:49,79.0
2015-09-25T06:21:43,30.0
2015-09-25T06:44:18,69.0
2015-09-25T06:53:24,43.0
2015-09-25T07:26:14,88.0
2015-09-25T07:38:14,102.0
2015-09-25T07:48:52,83.0
2015-09-25T08:10:00,83.0
2015-09-25T08:15:38,20.0
2015-09-25T08:29:13,79.0
2015-09-25T08:47:18,74.0
2015-09-25T08:48:44,121.0
2015-09-25T09:02:18,80.0
2015-09-25T09:27:32,90.0
2015-09-25T09:36:48,76.0
2015-09-25T10:29:07,20.0
2015-09-25T10:08:55,83.0
2015-09-26T00:50:22,32.0
2015-09-02T01:38:45,75.0
2015-09-02T02:11:39,33.0
2015-09-02T02:38:35,58.0
2015-09-02T03:13:32,56.0
2015-09-02T03:37:27,30.0
2015-09-02T04:11:24,30.0
2015-09-02T04:38:47,79.0
2015-09-05T02:16:13,43.0
2015-09-05T03:13:21,60.0
2015-09-05T04:12:18,50.0
2015-09-06T02:09:01,21.0
2015-09-06T03:12:53,38.0
2015-09-06T04:16:41,37.0
2015-09-08T01:36:29,30.0
2015-09-08T02:12:27,75.0
2015-09-08T02:39:58,64.0
2015-09-08T03:16:12,75.0
2015-09-08T03:42:58,23.0
2015-09-08T04:07:38,30.0
2015-09-08T04:40:26,29.0
2015-09-09T02:13:50,78.0
2015-09-09T03:11:29,35.0
2015-09-09T04:12:58,33.0
2015-09-10T01:27:41,41.0
2015-09-11T01:37:34,72.0
2015-09-11T02:39:59,72.0
2015-09-11T03:41:26,30.0
2015-09-11T04:38:48,63.0
2015-09-13T01:38:50,30.0
2015-09-13T02:38:17,134.0
2015-09-13T03:38:55,37.0
2015-09-13T04:40:04,30.0
2015-09-14T01:40:16,33.0
2015-09-14T02:09:02,19.0
2015-09-14T02:39:59,72.0
2015-09-14T03:11:20,30.0
2015-09-14T03:41:15,87.0
2015-09-14T04:10:11,90.0
2015-09-14T04:42:20,61.0
2015-09-17T01:38:46,30.0
2015-09-17T02:37:44,44.0
2015-09-17T03:40:22,36.0
2015-09-17T04:38:39,71.0
2015-09-18T01:40:07,30.0
2015-09-18T02:11:33,26.0
2015-09-18T02:37:31,30.0
2015-09-18T03:14:12,27.0
2015-09-18T03:38:39,70.0
2015-09-18T04:13:49,75.0
2015-09-18T04:37:31,30.0
2015-09-19T01:40:24,36.0
2015-09-19T02:37:37,73.0
2015-09-19T03:37:29,83.0
2015-09-19T04:41:14,68.0
2015-09-20T01:38:50,54.0
2015-09-20T02:11:31,36.0
2015-09-20T02:38:52,37.0
2015-09-20T03:13:38,84.0
2015-09-20T03:36:34,34.0
2015-09-20T04:16:42,23.0
2015-09-20T04:37:28,30.0
2015-09-21T01:41:16,30.0
2015-09-21T02:41:05,82.0
2015-09-21T03:40:26,32.0
2015-09-21T04:36:14,77.0
2015-09-22T02:10:01,73.0
2015-09-22T03:10:05,77.0
2015-09-22T04:10:12,30.0
2015-09-23T02:16:35,24.0
2015-09-23T03:11:26,22.0
2015-09-23T04:12:52,23.0
2015-09-24T01:40:07,70.0
2015-09-24T02:40:27,72.0
2015-09-24T03:39:25,32.0
2015-09-24T04:36:16,79.0
2015-09-26T02:11:07,77.0
2015-09-26T03:15:08,23.0
2015-09-02T01:12:56,23.0
2015-09-05T01:18:45,60.0
2015-09-06T01:15:10,72.0
2015-09-08T01:14:58,62.0
2015-09-09T01:16:24,22.0
2015-09-14T01:11:30,31.0
2015-09-18T01:11:43,26.0
2015-09-20T01:11:27,28.0
2015-09-22T01:12:31,67.0
2015-09-23T01:12:42,35.0
2015-09-26T01:12:34,22.0
2015-09-02T05:11:26,59.0
2015-09-05T05:12:31,30.0
2015-09-06T05:11:12,64.0
2015-09-08T05:08:50,64.0
2015-09-09T05:09:58,63.0
2015-09-14T05:08:50,85.0
2015-09-18T05:12:42,36.0
2015-09-20T05:08:45,47.0
2015-09-22T05:08:46,60.0
2015-09-23T05:12:28,46.0
